0.00396113
0.00404125
0.00440812
0.00449182
0.00449182
0.00398315
0.00428998
0.00397429
0.00488595
0.00444705
0.00419111
0.00405738
0.00397459
0.00449182
0.00412146
0.00401914
0.00428894
0.00449182
0.00449182
0.00444795
0.00453831
0.00414985
0.00414596
0.00449182
0.0044874
0.00399818
0.00407704
0.0046369
0.00465317
0.00431105
0.00423485
0.00408738
0.00446407
0.00429281
0.00421915
0.00410264
0.00395635
0.00394352
0.00399441
0.00401976
0.00415539
0.00420203
0.00415539
0.00414421
0.00391478
0.00430338
0.00434874
0.0039868
0.00415539
0.00402995
0.00392886
0.00420239
0.00398678
0.00415539
0.0042724
0.00405872
0.00420239
0.00442508
0.00444472
0.00404333
0.00397315
0.00397155
0.00449647
0.00496996
0.00426618
0.00450616
0.00435974
0.00450276
0.00390892
0.0054298
0.00449826
0.00456878
0.00395882
0.00419751
0.00440039
0.00394403
0.00434047
0.0040807
0.00410059
0.00484506
0.00405951
0.00385881
0.00411295
0.00392868
0.00416116
0.00431186
0.00390599
0.00393431
0.00413059
0.00407822
0.00404352
0.00420058
0.00423213
0.00398694
0.00404612
0.00407412
0.00404612
0.00405761
0.00416545
0.00411555
0.00407412
0.00407538
0.00405913
0.00406656
0.00413157
0.00423213
0.00405761
0.00420053
0.00546762
0.00421888
0.00584964
0.0046074
0.00423354
0.00481536
0.00416995
0.00431966
0.0046246
0.00431781
0.00398469
0.00445037
0.00530868
0.00419972
0.00425338
0.00409523
0.00411671
0.00481557
0.00401931
0.00411671
0.00431781
0.00431878
0.00449669
0.00467079
0.00404705
0.00411696
0.00415481
0.00391803
0.00399669
0.00522743
0.00404177
0.00395757
0.00481451
0.00401867
0.00395829
0.00387941
0.00417424
0.00456538
0.00496657
0.0046233
0.00486128
0.00408347
0.00475102
0.00431081
0.00598322
0.00435099
0.00447486
0.00446594
0.00428442
0.0040682
0.00410694
0.00401864
0.00420529
0.00415415
0.00467648
0.00392193
0.00439396
0.00425688
0.0041747
0.00436499
0.00495056
0.00419114
0.00417881
0.00399534
0.00433887
0.00429855
0.00400345
0.00417015
0.00403819
0.00399898
0.00397716
0.00408681
0.00397785
0.00393118
0.00429855
0.00400223
0.0042093
0.00402867
0.00428211
0.00389943
0.00409609
0.00402084
0.00409789
0.00624672
0.00393973
0.00409988
0.00397
0.0042383
0.00434639
0.00396465
0.00409172
0.00412739
0.00464688
0.00406223
0.00419073
0.00391834
0.00403238
0.00430764
0.00401945
0.00416802
0.00439421
0.0044471
0.00413911
0.00407529
0.00406861
0.00397672
0.003976
0.00426659
0.00393556
0.00422823
0.00422823
0.00429098
0.00422453
0.00398685
0.00404887
0.00398323
0.00404692
0.00408103
0.0040574
0.00405017
0.00416684
0.0040085
0.00425545
0.00404964
0.00404359
0.00400507
0.00404359
0.00404359
0.00404359
0.00404359
0.00404359
0.00421664
0.00421664
0.00411089
0.00401086
0.00418634
0.00402165
0.00397928
0.00405324
0.00405415
0.00416677
0.00430537
0.00427409
0.00398255
0.00399799
0.00399799
0.00403232
0.00397927
0.00415575
0.00420699
0.00410407
0.0041518
0.0041814
0.00427207
0.00403263
0.00395653
0.00453106
0.0046476
0.0046476
0.00476409
0.00455414
0.00486165
0.00401646
0.0046476
0.00490167
0.00389546
0.00468001
0.00434322
0.00422344
0.00399859
0.00468704
0.0046476
0.0041832
0.0040873
0.0046476
0.00434558
0.0047089
0.00418264
0.00403263
0.00448043
0.00436451
0.0043052
0.00454296
0.00437475
0.00464254
0.00607642
0.0040461
0.00412188
0.00426325
0.00467615
0.00406752
0.004136
0.00413113
0.00418917
0.00427298
0.00415326
0.00399432
0.00423172
0.00413886
0.0042572
0.0041658
0.00408768
0.00435195
0.00406405
0.00394065
0.00499689
0.00502116
0.00467215
0.00410448
0.00451417
0.00501118
0.00481438
0.00482556
0.00421245
0.00492304
0.00403121
0.00412691
0.00400577
0.00384816
0.00417026
0.00398162
0.00423171
0.00388803
0.00394938
0.00402882
0.00547982
0.00397736
0.00394586
0.00452311
0.00493634
0.00467697
0.00454892
0.00456193
0.00430161
0.00452861
0.00406824
0.00401101
0.00397421
0.00398358
0.00389246
0.00507566
0.00410909
0.0045509
0.00393076
0.00390832
0.00389254
0.0045509
0.00387066
0.00414921
0.00388523
0.00404784
0.00398217
0.00422133
0.00420301
0.00406848
0.00415011
0.00423545
0.00395003
0.00403488
0.00411107
0.00403133
0.00422747
0.00433368
0.00387623
0.0038659
0.00406606
0.00431403
0.00465304
0.00404383
0.00443389
0.00431408
0.0042709
0.00424309
0.00434916
0.0041317
0.00409901
0.00402268
0.00455162
0.00439412
0.00448658
0.00428876
0.00405403
0.00449591
0.00458357
0.00630232
0.00435361
0.00407015
0.00443147
0.00453157
0.00509819
0.00422475
0.00452564
0.0043346
0.00420593
0.00478238
0.00429697
0.0042798
0.00458428
0.00425975
0.00412564
0.00419593
0.00471621
0.00394426
0.00395885
0.00393865
0.0046023
0.00459879
0.0046023
0.00439697
0.00471474
0.00471474
0.00460196
0.00471474
0.0041959
0.00460349
0.00442141
0.00459879
0.00417648
0.00459879
0.00460333
0.00409286
0.00459879
0.00471474
0.00459879
0.00424547
0.00416854
0.00401789
0.0039745
0.00392772
0.00399839
0.00393095
0.00404795
0.00441632
0.00439055
0.00416255
0.00414249
0.00408297
0.00417688
0.00432458
0.00436104
0.00530664
0.00424063
0.00450906
0.00400052
0.00407435
0.00392208
0.00438596
0.00450906
0.00445543
0.00408677
0.00450787
0.00417415
0.00409328
0.00427165
0.00420266
0.00420266
0.004008
0.00398982
0.004008
0.00448417
0.00451459
0.00413446
0.00414526
0.00417636
0.00417636
0.00414526
0.00401748
0.00417636
0.00403544
0.00391537
0.00388111
0.00391537
0.0040113
0.00436165
0.00397202
0.00465695
0.0038648
0.0038648
0.00419952
0.00396346
0.00424419
0.00421276
0.00417491
0.004148
0.00407117
0.00399884
0.00393934
0.00394934
0.00404675
0.00401777
0.00402227
0.00441719
0.00428678
0.00421972
0.00398969
0.00417361
0.0040675
0.00468326
0.00455078
0.00451387
0.00450958
0.00468326
0.00468326
0.00413089
0.00410337
0.00402435
0.0040899
0.00419204
0.00398452
0.00396855
0.00412468
0.00399318
0.00390411
0.00419073
0.00395557
0.00426082
0.0040964
0.00423301
0.00399788
0.00422717
0.00408771
0.00483994
0.00470303
0.00465809
0.00400363
0.00435802
0.00413175
0.00395325
0.00406959
0.00452805
0.00415408
0.0043299
0.0044834
0.00457974
0.00425803
0.00396954
0.00404822
0.00410419
0.00411791
0.00444499
0.00396419
0.00395604
0.00413876
0.00407873
0.00408384
0.00402026
0.00412931
0.00408267
0.00399113
0.00457712
0.00407732
0.00396508
0.00392447
0.00400718
0.00398345
0.00412075
0.00422022
0.00406785
0.00415141
0.00427642
0.00400431
0.00439785
0.0042151
0.00413392
0.00405456
0.00395891
0.00427069
0.0042151
0.00399132
0.00403376
0.00396295
0.00419595
0.00416897
0.00399132
0.00390371
0.00404584
0.0040456
0.00413621
0.00385563
0.00513332
0.00389471
0.00385563
0.00405704
0.00392464
0.00407171
0.00400973
0.00429854
0.00403297
0.00413434
0.00391384
0.00392195
0.00407813
0.00406898
0.00408948
0.00404144
0.00410623
0.00436005
0.00401464
0.00399845
0.0040436
0.00409696
0.00393908
0.00435322
0.00400539
0.00384006
0.00422437
0.00393168
0.00417057
0.00386293
0.00399942
0.0040326
0.00396734
0.00422142
0.0040236
0.00393908
0.00396695
0.00449249
0.00461404
0.0064922
0.00396636
0.00397562
0.00432748
0.00429575
0.00414516
0.00411002
0.00434471
0.00440433
0.00411372
0.0042089
0.00397116
0.00402067
0.00413238
0.00417462
0.0039302
0.00405073
0.00395391
0.00408552
0.00390621
0.00389729
0.00417241
0.00428743
0.00419465
0.00401767
0.00409349
0.00397221
0.00391497
0.00394692
0.0039126
0.00401398
0.00389478
0.00407938
0.00395123
0.00393694
0.00386077
0.00397904
0.00396342
0.00387323
0.00390621
0.00651263
0.00391174
0.00412852
0.00407069
0.00403432
0.00400441
0.00394977
0.0039984
0.00416291
0.00400981
0.00411563
0.00391201
0.00406435
0.00400892
0.00398701
0.00395547
0.00410418
0.00389356
0.00402893
0.00400804
0.00400133
0.00409201
0.00397905
0.00385646
0.00393707
0.00396752
0.00428995
0.00409337
0.00423084
0.004067
0.00416145
0.0041374
0.00404611
0.0039973
0.00404767
0.0039941
0.00413038
0.00425669
0.00400013
0.00396906
0.00401241
0.00415303
0.00397255
0.00397306
0.00415878
0.00411622
0.00397394
0.00406994
0.00431791
0.00406994
0.00423018
0.00397394
0.00419314
0.00425881
0.00406994
0.00397594
0.00541324
0.00401512
0.00427044
0.00476551
0.00426095
0.00397951
0.0042625
0.00495321
0.0040392
0.00422701
0.00401276
0.00401531
0.00399663
0.00409502
0.00426095
0.00414747
0.00406406
0.0040557
0.00402419
0.00406229
0.00413611
0.0041127
0.0041222
0.00426718
0.00406291
0.00408042
0.00405634
0.004125
0.00407183
0.00410927
0.00614756
0.00547566
0.0039799
0.00454544
0.0038535
0.00394564
0.00392513
0.0040314
0.00397126
0.00410015
0.00396192
0.00450101
0.00393085
0.00401184
0.0044882
0.00450448
0.00394788
0.00402294
0.00405157
0.00396352
0.00397863
0.00409315
0.00386323
0.00398643
0.00403298
0.0040071
0.0040071
0.0040071
0.00389389
0.00398619
0.00399565
0.00401974
0.0039096
0.00402936
0.00416597
0.00403854
0.00400747
0.00403706
0.00403945
0.00391776
0.00397775
0.00384466
0.00400098
0.00403999
0.00405687
0.0041062
0.00404072
0.00399895
0.00415321
0.00395737
0.0043801
0.00405486
0.00393771
0.0043801
0.00400123
0.00426626
0.00427818
0.00430909
0.00430909
0.00427818
0.00417322
0.00445186
0.00395276
0.00389768
0.00395276
0.00427818
0.0040132
0.00427812
0.00422052
0.00393747
0.00418755
0.0039037
0.0044502
0.0040504
0.00421838
0.00392972
0.00417886
0.00409572
0.00398451
0.00437016
0.00412365
0.00411063
0.00417596
0.00448918
0.0042085
0.00411191
0.0041682
0.00421156
0.00395322
0.00403884
0.00415466
0.00413005
0.00431448
0.00424592
0.0042994
0.00413656
0.00419535
0.00410288
0.00443572
0.00389199
0.00408835
0.00514991
0.00460833
0.00407249
0.00418265
0.00408413
0.00407338
0.00407338
0.00403075
0.0039483
0.00410471
0.0038498
0.00409254
0.00402417
0.004157
0.0040621
0.00412385
0.00434252
0.00422787
0.00451501
0.00404671
0.00410638
0.00420074
0.00411953
0.00420542
0.00403895
0.00441922
0.00415083
0.00411315
0.00402378
0.00452128
0.0044885
0.00451325
0.0042923
0.00590173
0.00440355
0.00437607
0.00427798
0.00447338
0.00436555
0.00413779
0.0044715
0.00402452
0.00413779
0.0044715
0.00515382
0.00462148
0.00413998
0.00423821
0.00456791
0.00418372
0.00402919
0.00415301
0.00416757
0.00404349
0.00425949
0.00399077
0.0041914
0.00391241
0.00397328
0.00397575
0.00430399
0.00399769
0.00398315
0.00399457
0.0042475
0.00401525
0.00409001
0.00403946
0.00419695
0.00452067
0.00388574
0.00409578
0.00390756
0.00403852
0.00400023
0.00418875
0.0040114
0.0040373
0.00389102
0.00411034
0.00415515
0.00421515
0.0040536
0.00415352
0.00423672
0.0041786
0.00385613
0.0038719
0.00388908
0.00393431
0.0038721
0.00397109
0.00431457
0.00411124
0.00422141
0.00417387
0.00411166
0.00422843
0.00391944
0.00411863
0.00409196
0.0041532
0.00425172
0.0043094
0.00397215
0.00417862
0.00418643
0.00384798
0.00417927
0.00423316
0.00415047
0.00528459
0.00428659
0.0042005
0.00397409
0.00406513
0.00424066
0.00428291
0.00412339
0.00395234
0.00592949
0.00406519
0.00402563
0.00408554
0.00469385
0.00432069
0.00423951
0.00438789
0.00454477
0.00455482
0.00432069
0.00432069
0.00405494
0.00403689
0.0042967
0.00418815
0.0039229
0.00394839
0.00407913
0.00413773
0.00422149
0.00413329
0.00493403
0.00425787
0.00406428
0.003969
0.00408977
