0.00375104
0.00371532
0.00455491
0.00397483
0.00398437
0.00370474
0.00355337
0.00377791
0.00370916
0.00365321
0.0040394
0.00354971
0.00378288
0.00397483
0.00390556
0.00362356
0.00399439
0.00397483
0.00390249
0.00399439
0.00392785
0.00363911
0.00356631
0.00397483
0.00353805
0.00354938
0.00371963
0.00363836
0.00418798
0.00385372
0.00370945
0.00344322
0.00363476
0.00377983
0.00377983
0.0035698
0.00364199
0.00350372
0.00362524
0.0035211
0.00367257
0.00344729
0.00360248
0.00369668
0.00349526
0.00357267
0.0036376
0.00377234
0.00363953
0.00362726
0.00367995
0.00376508
0.00358912
0.00361885
0.0039123
0.0035572
0.00375633
0.00422902
0.00379449
0.00344529
0.00375994
0.00383775
0.00360559
0.00379468
0.00363423
0.00369507
0.00370994
0.00387092
0.00395656
0.00836161
0.00578359
0.00502411
0.0037071
0.00365002
0.0035812
0.00382529
0.00387332
0.00427479
0.00358364
0.00479758
0.00340418
0.00359915
0.00361055
0.00347013
0.00357307
0.00366288
0.00343522
0.00357898
0.00368367
0.00359774
0.00379824
0.00379824
0.00418506
0.00354652
0.00379824
0.00379824
0.00418506
0.00379824
0.00418506
0.00394903
0.00379824
0.00418041
0.00342934
0.00379824
0.00418506
0.00418506
0.00379824
0.00379824
0.00501363
0.00362658
0.00420834
0.00393334
0.00365234
0.00354601
0.00373178
0.00357951
0.00347582
0.00371234
0.00352992
0.00354308
0.00354832
0.00369008
0.00351027
0.00363874
0.00359641
0.00364766
0.00366563
0.00386533
0.00357753
0.00370176
0.00349825
0.00357239
0.00355159
0.00337022
0.00361929
0.00379636
0.00347664
0.00364019
0.00335275
0.0034967
0.00493671
0.00377402
0.00352179
0.00343788
0.003592
0.00380335
0.00373218
0.00399339
0.00368357
0.00351245
0.00364629
0.00344062
0.00753927
0.00370105
0.00339642
0.00406301
0.00333974
0.00345749
0.0036744
0.00345211
0.00345735
0.00427609
0.00361502
0.00399012
0.00348739
0.0037725
0.00349073
0.00488584
0.00610514
0.00357413
0.00493374
0.0035861
0.00384397
0.00382071
0.00363507
0.00374054
0.00366825
0.00374104
0.00397359
0.00376022
0.00378526
0.00378828
0.00371019
0.00353608
0.00348763
0.0036154
0.0036021
0.00362262
0.00410778
0.00339273
0.00336762
0.00708429
0.00389691
0.00374353
0.00348384
0.00390547
0.00358641
0.00336666
0.00359102
0.00390128
0.00359596
0.0039354
0.00344448
0.00341624
0.00488462
0.00346864
0.00335156
0.00391742
0.00346791
0.00353764
0.00350718
0.00368574
0.00365453
0.00363655
0.003622
0.00389675
0.00351345
0.00385439
0.00378477
0.00378477
0.00379389
0.00351406
0.00343868
0.00382369
0.0037678
0.00365085
0.00384026
0.00355408
0.00364773
0.00340891
0.00436861
0.00343529
0.0034492
0.00346847
0.00350486
0.00344663
0.00350486
0.00350486
0.00344663
0.00353595
0.00355676
0.00410345
0.00342896
0.00375239
0.00359375
0.00337763
0.00349241
0.00359795
0.0035619
0.00354059
0.0037556
0.00335126
0.00336201
0.00336201
0.00345872
0.00341128
0.00372838
0.00370329
0.00365502
0.00381928
0.00374927
0.00412054
0.00341325
0.00377984
0.00382448
0.00401475
0.00393173
0.00388181
0.00435369
0.00371235
0.00356879
0.00396047
0.00370398
0.00378634
0.00386769
0.00423686
0.00378714
0.003587
0.00383835
0.00396047
0.00445504
0.00355623
0.00401475
0.00369505
0.00369447
0.00368945
0.00341325
0.00502617
0.00449901
0.00368188
0.00432513
0.00355399
0.00380907
0.00532851
0.00347959
0.00345461
0.00343073
0.00407643
0.00353572
0.00335222
0.0034473
0.00379741
0.00350671
0.00344863
0.00337927
0.0034692
0.00370628
0.00376834
0.00334295
0.00332062
0.0046932
0.00346864
0.00388983
0.00388904
0.00381659
0.00403275
0.00380652
0.00404356
0.00498985
0.00426506
0.00425432
0.00363014
0.00365414
0.00370385
0.00377718
0.00365879
0.00375618
0.00339605
0.00367064
0.00417021
0.00361979
0.00346902
0.00355969
0.00790913
0.00346755
0.00362844
0.003641
0.00361082
0.00357627
0.003517
0.00358205
0.00351884
0.00363689
0.00358801
0.00356746
0.00377956
0.00359262
0.00382362
0.00373306
0.00370423
0.00386078
0.0042217
0.00401407
0.003819
0.00389266
0.00366511
0.00384107
0.00361313
0.00360711
0.00372175
0.00339144
0.00393143
0.00360444
0.00339767
0.00363862
0.0034263
0.00391678
0.00353802
0.00371948
0.00452094
0.00381427
0.00349546
0.00361956
0.00348171
0.00389103
0.00617905
0.00353977
0.00397149
0.00524692
0.00372638
0.00539954
0.00471308
0.00399344
0.00397686
0.00375181
0.00350715
0.00399551
0.00368092
0.00383413
0.00414575
0.00458024
0.00584879
0.0137716
0.00427731
0.00400101
0.00393885
0.00365813
0.00531559
0.00432516
0.0041875
0.00421614
0.00412444
0.0042457
0.00398082
0.00506121
0.005407
0.00398311
0.00387639
0.00356748
0.00413541
0.00401754
0.00376765
0.00378135
0.00403169
0.00394291
0.00403169
0.00398184
0.0043693
0.0043693
0.00403169
0.0043693
0.00379917
0.00393244
0.00388753
0.00394291
0.00365826
0.00394291
0.00403169
0.00345767
0.00394291
0.0043693
0.00393244
0.00366667
0.00376458
0.00389107
0.00387302
0.00369419
0.00369631
0.00380307
0.00392425
0.00375035
0.00442486
0.00385539
0.00404259
0.00402505
0.00372837
0.00495043
0.00491079
0.00504152
0.00399814
0.00366696
0.00385584
0.00382089
0.00358939
0.00357867
0.00372527
0.00359369
0.00411811
0.00357867
0.00441936
0.00418906
0.00403302
0.00398703
0.00366711
0.00361385
0.00366436
0.00361385
0.00486758
0.00467674
0.00369046
0.00362515
0.00367501
0.00367501
0.00353723
0.00346344
0.00363774
0.00365239
0.00354621
0.00368462
0.00361054
0.00351308
0.00362232
0.00352105
0.00372428
0.00345619
0.00338416
0.00390553
0.00366369
0.0040202
0.0037602
0.00364741
0.00428559
0.00348067
0.0037095
0.00392786
0.00392883
0.00367631
0.00356368
0.00362363
0.00389428
0.00375129
0.00389428
0.00350525
0.00389427
0.00408403
0.00374818
0.00399169
0.00369189
0.00377138
0.00377769
0.0038341
0.0033934
0.00336363
0.00357882
0.00488882
0.0038276
0.00351211
0.00358307
0.00369711
0.0035923
0.00345257
0.00358937
0.003509
0.0037504
0.00340413
0.00379236
0.00373268
0.00385155
0.00378417
0.00461551
0.00428
0.00464769
0.00376377
0.00367382
0.00382085
0.00378217
0.00361903
0.00417995
0.00363668
0.00419696
0.0038927
0.00441053
0.00407556
0.00403475
0.00388407
0.00372659
0.00364035
0.00361205
0.00360353
0.0040565
0.00380279
0.00377954
0.00404086
0.00388255
0.00384731
0.00357518
0.00372812
0.00366086
0.00342931
0.00345294
0.00336914
0.00350392
0.00395195
0.00363609
0.00386547
0.00346888
0.003715
0.00407122
0.00393841
0.00359674
0.00376582
0.00364909
0.00361226
0.00358516
0.00375502
0.00376582
0.00351786
0.00435411
0.00348506
0.00387744
0.00379191
0.00354245
0.00339762
0.00356843
0.00349193
0.0035643
0.00366439
0.00524655
0.003592
0.00362262
0.00402763
0.00353036
0.00337665
0.0034647
0.00357609
0.00388309
0.00391203
0.00388148
0.00388276
0.00383512
0.0038466
0.00356593
0.00356072
0.00340184
0.00367459
0.00426377
0.00405745
0.00387976
0.00358113
0.00365084
0.00395149
0.00401305
0.00354654
0.00362444
0.00385789
0.00349681
0.00393677
0.00417031
0.00360375
0.0040763
0.00357542
0.00367417
0.00373753
0.00369582
0.00416752
0.00376037
0.00623998
0.00361139
0.00372702
0.00383565
0.00401176
0.00409823
0.00345277
0.00415728
0.00390984
0.00335146
0.00367796
0.00333031
0.00343996
0.0033718
0.00369709
0.00357888
0.00365634
0.00371401
0.00349712
0.00404563
0.00347688
0.00414316
0.00360069
0.00396954
0.00345521
0.00341649
0.00365266
0.00353449
0.0036842
0.00365247
0.00343207
0.00386606
0.00346966
0.00378398
0.00367838
0.00379541
0.00361889
0.00386844
0.00348988
0.00386843
0.00716237
0.00348814
0.0033656
0.00391584
0.00337423
0.00339656
0.00358362
0.00368791
0.00402756
0.00359096
0.00362442
0.00358882
0.00342682
0.00342619
0.00386423
0.00369838
0.00364833
0.0040281
0.0035366
0.0035153
0.0034486
0.00365243
0.00360027
0.00366094
0.00377125
0.00372911
0.00403602
0.0038185
0.00342743
0.00334719
0.0034327
0.00350345
0.00361573
0.00380704
0.00349854
0.00347441
0.00356855
0.00402642
0.00369288
0.00341354
0.00359384
0.00360868
0.00363149
0.00369492
0.00354151
0.00357105
0.00375014
0.0035598
0.00355534
0.00354147
0.00365613
0.00395632
0.00373158
0.00352845
0.00358288
0.0037465
0.00550765
0.003639
0.00471633
0.0054123
0.00399143
0.00377647
0.00379285
0.00519185
0.00356665
0.0040128
0.00357435
0.00363666
0.00338242
0.00358378
0.00399143
0.00358084
0.00346612
0.00356234
0.00349855
0.0036372
0.00342099
0.00353919
0.00354308
0.00342256
0.00372197
0.00347835
0.0036354
0.00352162
0.00354645
0.00351673
0.00573305
0.00634517
0.00371849
0.00445844
0.00361748
0.00369301
0.00344716
0.00408064
0.00361186
0.0036217
0.00355937
0.0061097
0.00369354
0.00339321
0.00396935
0.00569624
0.00381265
0.00335596
0.00400853
0.00356114
0.0033214
0.00335784
0.00345678
0.00350268
0.0036174
0.00349451
0.00348539
0.00349612
0.00338337
0.00339051
0.00353452
0.00340302
0.00341024
0.00333019
0.00376622
0.00353737
0.00348895
0.00337715
0.00330386
0.00351301
0.00341632
0.00338786
0.00346468
0.00336173
0.00369857
0.00336624
0.00344766
0.00359514
0.004118
0.00372066
0.00364541
0.00366328
0.00357231
0.00386497
0.00412755
0.00356685
0.0035453
0.00378466
0.00378466
0.0035453
0.00347278
0.00378466
0.00354682
0.00365802
0.00357235
0.00357814
0.00362832
0.00377721
0.00365938
0.0036777
0.00362901
0.00360557
0.0035479
0.00333001
0.00365938
0.00367173
0.00336311
0.00377008
0.00368742
0.00383395
0.00356958
0.0034486
0.00410589
0.00393581
0.00398182
0.00343607
0.00343969
0.00353599
0.00338815
0.00381018
0.00338699
0.0038904
0.00396191
0.00371075
0.00351479
0.00353585
0.00363515
0.00368885
0.00359643
0.00343403
0.00402873
0.00820622
0.0050094
0.00367955
0.00364004
0.0041322
0.00438489
0.00438489
0.00402993
0.00340733
0.00378127
0.00338842
0.00357537
0.00333096
0.00365622
0.00351135
0.00344168
0.00449918
0.00341704
0.0038783
0.00351449
0.00360203
0.00364446
0.00355571
0.00354016
0.00338721
0.00361867
0.00342473
0.00355984
0.00360061
0.00379747
0.00350909
0.00400422
0.00339011
0.00391606
0.00344007
0.00349439
0.00368367
0.00351827
0.00434413
0.00382089
0.00382838
0.0041131
0.00382089
0.00382838
0.00376597
0.00391912
0.00402651
0.00355402
0.00353932
0.00422162
0.00349465
0.00335289
0.00337788
0.00340758
0.00360878
0.00363635
0.00373636
0.0034478
0.00339013
0.00340621
0.00336783
0.00343052
0.00338221
0.00370454
0.00445441
0.00365963
0.00353657
0.00336508
0.00441287
0.00352771
0.00352153
0.00373584
0.00348932
0.00382778
0.00342074
0.00471641
0.00339295
0.00351528
0.00363257
0.00348166
0.00345309
0.00378014
0.00335339
0.00332478
0.00373846
0.0034303
0.00372762
0.00350069
0.00353753
0.00386495
0.00379217
0.00353238
0.00348514
0.00363656
0.00407063
0.0036036
0.00340007
0.00369729
0.00336328
0.00350568
0.00345352
0.00342367
0.00354616
0.00381648
0.00365785
0.00339494
0.00407326
0.00343993
0.0037804
0.00349398
0.00344438
0.00528065
0.00396199
0.00387637
0.00386702
0.00364948
0.00351382
0.0053238
0.00385674
0.00394134
0.00494431
0.00406465
0.00353547
0.00360713
0.00362465
0.00365263
0.00350642
0.00355686
0.00410003
0.00355179
0.00359745
0.00360203
0.00353628
0.00357676
0.00347444
0.00344836
0.00353091
0.0035776
0.00347617
0.003365
0.00371244
0.00374573
0.00563667
0.00356107
0.00381866
0.00373746
0.00356883
