0.00422553
0.00458878
0.0055198
0.00446431
0.00446431
0.00445548
0.00488212
0.00436184
0.00438815
0.00463276
0.00454331
0.00431805
0.00430201
0.00446431
0.00434285
0.00458525
0.00446431
0.00446431
0.00446431
0.00446431
0.00462086
0.00469537
0.00438773
0.00446431
0.00477785
0.00483649
0.00467466
0.00437155
0.00436184
0.00469537
0.00463085
0.00438131
0.00447561
0.0045045
0.0045045
0.00427973
0.00448563
0.00437523
0.0046112
0.00437523
0.00447302
0.00454023
0.00447302
0.00466006
0.0044912
0.00449789
0.00443733
0.00440011
0.00452423
0.00427973
0.00436088
0.00492381
0.00446721
0.00452423
0.00452752
0.00476841
0.00492405
0.00585387
0.0045045
0.0046233
0.00451928
0.00529376
0.00490715
0.00455052
0.00470993
0.00458095
0.00464945
0.00443633
0.00439286
0.00786278
0.00493989
0.0059317
0.00458756
0.00505416
0.00449632
0.004864
0.00473286
0.00439286
0.00472205
0.00558166
0.00430534
0.00422942
0.00433313
0.00415743
0.00425141
0.00432491
0.00427263
0.00422422
0.00437312
0.00430391
0.00436642
0.00436642
0.00436642
0.00420219
0.00436642
0.00436642
0.0044136
0.00436642
0.00436642
0.00426412
0.00436642
0.00452446
0.00428301
0.00436642
0.00436642
0.00436642
0.00436642
0.00436642
0.00591913
0.00480742
0.00503966
0.0044352
0.00485077
0.00441326
0.00433934
0.0043611
0.00451604
0.00431294
0.00447171
0.00451604
0.00448367
0.0047683
0.00472853
0.00468492
0.00460348
0.00477368
0.00457617
0.00465313
0.00435955
0.00449681
0.00465422
0.00440042
0.00445402
0.00456752
0.0049284
0.00518898
0.00441871
0.00449284
0.00431074
0.00447652
0.00565842
0.00444401
0.00436093
0.00419276
0.00514691
0.00553135
0.00533454
0.00595368
0.00533454
0.00475351
0.00490176
0.00462414
0.00495724
0.00485456
0.00475862
0.00457116
0.00472843
0.00464087
0.00443309
0.00451872
0.00475011
0.00457116
0.00485735
0.00483431
0.0045852
0.00473017
0.00477564
0.00538751
0.00885219
0.00489813
0.00517109
0.00428345
0.00453423
0.00447219
0.00462463
0.00452791
0.00454813
0.0045669
0.00443497
0.0047082
0.00432523
0.00431996
0.00447219
0.00485406
0.00461076
0.0042176
0.00471542
0.0044635
0.00472894
0.00443629
0.00464129
0.00508756
0.00430836
0.00442585
0.00469711
0.0044506
0.00423735
0.00450097
0.00464557
0.00476826
0.00449548
0.00424721
0.00466746
0.00477538
0.00502995
0.00473633
0.00455196
0.00470725
0.00441778
0.00441778
0.00424778
0.00473286
0.00428697
0.00450043
0.00450039
0.0045444
0.00428856
0.00444826
0.00444826
0.00444826
0.00459467
0.00428856
0.00423853
0.00423603
0.00475149
0.00463322
0.00462692
0.00439906
0.00460513
0.00446284
0.00524548
0.00414453
0.00411745
0.00413324
0.00412014
0.00412014
0.00412014
0.00412014
0.00412014
0.00421241
0.00422677
0.00496365
0.00411745
0.00428468
0.00411745
0.00413292
0.00421001
0.00422144
0.00432135
0.00422947
0.00421253
0.0041336
0.00413353
0.00413353
0.00419409
0.00413353
0.00451954
0.00421253
0.00427715
0.00428468
0.00511731
0.00504915
0.00465181
0.00494239
0.00459001
0.00458402
0.00458402
0.00457554
0.00431921
0.00490128
0.00464268
0.00458402
0.0047327
0.00465957
0.00449949
0.00442946
0.00453496
0.00458441
0.00483966
0.00467285
0.00476413
0.00464301
0.00467285
0.00453496
0.00459001
0.00498304
0.00465181
0.00647218
0.00504776
0.00458441
0.00524884
0.00446529
0.00437982
0.00484717
0.0044108
0.0047942
0.00429714
0.00511541
0.00472671
0.00439817
0.00432372
0.00452366
0.00501646
0.00426784
0.00437546
0.00446727
0.00462498
0.00511165
0.0045896
0.00484949
0.0046128
0.00437242
0.00481341
0.00488094
0.0044895
0.00460481
0.00439055
0.00452084
0.00607851
0.00500189
0.00500189
0.00465865
0.00458336
0.0045913
0.00455956
0.00503762
0.00426381
0.00441294
0.00452114
0.00536307
0.00438309
0.00457736
0.00466123
0.00680722
0.00500814
0.00430408
0.00464923
0.00449633
0.00469899
0.00466949
0.00466751
0.00459415
0.00443633
0.00464322
0.00434629
0.0042791
0.0042791
0.00442061
0.00448639
0.00470325
0.00451737
0.00439286
0.00439906
0.00454123
0.00449356
0.00440227
0.00439286
0.00440837
0.00438763
0.00431915
0.00473646
0.00481928
0.00466655
0.00444689
0.00471047
0.00441391
0.00463311
0.00448804
0.00441391
0.00572953
0.00446722
0.00434321
0.00475778
0.00450416
0.00447445
0.00741858
0.00488538
0.00495106
0.00557724
0.00477057
0.00549542
0.00513885
0.0051386
0.00513343
0.0049679
0.0048784
0.00535988
0.00472609
0.0047379
0.00519825
0.00547057
0.00568416
0.00841805
0.00494329
0.00520717
0.00553568
0.00536794
0.00555986
0.00536341
0.00508711
0.00512724
0.00569049
0.00481012
0.00550829
0.0051485
0.00561833
0.00490944
0.00495982
0.00433818
0.00430551
0.00422258
0.00421718
0.00417935
0.00470214
0.00469348
0.00470214
0.00447038
0.00528881
0.00528881
0.00506682
0.00528881
0.00435033
0.00469351
0.00433144
0.00469351
0.00439419
0.00469351
0.00470201
0.00447544
0.00469348
0.00528881
0.00469351
0.00451951
0.00433522
0.00434059
0.00435039
0.00446612
0.0043456
0.0044096
0.00444397
0.00460836
0.00488473
0.00445106
0.00484692
0.00466389
0.00464722
0.00567829
0.00502302
0.00512602
0.00469642
0.00443702
0.00420363
0.00445132
0.00468624
0.00435854
0.00443702
0.00435855
0.00496051
0.00435855
0.00521786
0.00467184
0.00483093
0.00434282
0.00431763
0.00447044
0.00437979
0.00437979
0.00528276
0.00477906
0.00446229
0.00448326
0.00458511
0.00458511
0.0043901
0.00461651
0.00458511
0.00416343
0.00431948
0.00431948
0.00431948
0.004455
0.00481247
0.00478926
0.00422245
0.00445971
0.00420041
0.0045689
0.00425287
0.00442239
0.0043615
0.00436678
0.00459536
0.00447695
0.00421689
0.0042563
0.0042563
0.00455427
0.00458908
0.00452873
0.00458854
0.00485515
0.00458854
0.00479839
0.00458854
0.00434125
0.00439381
0.00473641
0.00441006
0.00441006
0.00439381
0.00439381
0.00442081
0.00464581
0.00474212
0.00460335
0.00470016
0.00476849
0.00430488
0.00449537
0.00432455
0.00438159
0.00491741
0.00449441
0.00481137
0.00443946
0.00452568
0.00475009
0.00471046
0.00462676
0.00471477
0.00488445
0.00561524
0.00467127
0.00478917
0.00458158
0.00488507
0.0045747
0.00564357
0.00526745
0.00501337
0.00464826
0.00464852
0.00486032
0.00473846
0.00466272
0.00461643
0.00464967
0.00465111
0.00448962
0.00450154
0.00480456
0.00490765
0.00463322
0.00455627
0.00461643
0.00446693
0.00430699
0.00433919
0.00425801
0.00424706
0.00422529
0.00418227
0.00416554
0.00431647
0.00435478
0.00439793
0.00431646
0.00516441
0.00425749
0.00433919
0.00460112
0.00430699
0.00416602
0.00428315
0.00427829
0.00460112
0.00417552
0.00414427
0.00421035
0.0050035
0.0043718
0.00417798
0.00422725
0.00430699
0.00415567
0.00415567
0.0043849
0.00613112
0.00473261
0.0043849
0.00468318
0.00443174
0.00462132
0.00451674
0.00459463
0.00455862
0.00477254
0.00439286
0.00463707
0.00473664
0.00472412
0.00432468
0.00438908
0.00444774
0.00442799
0.00462856
0.00473887
0.00466843
0.00483851
0.00491969
0.00454204
0.0049015
0.0047791
0.00509161
0.00494716
0.00484882
0.0047421
0.00457637
0.00517114
0.00465529
0.00458156
0.00457539
0.00470437
0.0050425
0.00538794
0.00502574
0.00536631
0.0046494
0.00470437
0.00447367
0.00494952
0.00458374
0.00490649
0.00473483
0.00473483
0.00425756
0.00452134
0.00432097
0.00432463
0.00477658
0.00469927
0.00428623
0.00497522
0.00437663
0.00474622
0.00422597
0.00425937
0.0047423
0.00436502
0.00476398
0.00432035
0.00446883
0.00465312
0.00446017
0.00425334
0.00444887
0.0046718
0.00440839
0.00445503
0.00440349
0.00428016
0.00422604
0.00429094
0.00428422
0.0043541
0.00422597
0.00618503
0.00440519
0.00496763
0.00476923
0.00467121
0.00440685
0.00458828
0.00472452
0.0046611
0.00497649
0.00482322
0.00447863
0.00467644
0.00439656
0.0043883
0.00435724
0.0048582
0.00423809
0.0048637
0.00451268
0.00485471
0.00458154
0.00428637
0.00437913
0.00428637
0.00446987
0.00510461
0.00440049
0.00439905
0.00439361
0.00466731
0.00447912
0.00436175
0.00463624
0.00447414
0.00471992
0.00447045
0.00444042
0.0045222
0.00459224
0.00431572
0.00442438
0.00439763
0.00421295
0.00419477
0.00423154
0.00417411
0.00416473
0.00424905
0.00416087
0.00420441
0.00417388
0.00418583
0.00425709
0.00414363
0.00436088
0.00557844
0.0042693
0.00542771
0.00559667
0.00521983
0.00462459
0.00480064
0.00605783
0.00448562
0.00500179
0.00439882
0.00455702
0.00454022
0.00437162
0.00521983
0.00475614
0.00449219
0.00459274
0.0043564
0.00473776
0.00452511
0.00451364
0.00437965
0.00444227
0.00471088
0.00450522
0.0043599
0.00440115
0.00447839
0.00445954
0.00604064
0.00612072
0.00431921
0.0056091
0.00458401
0.00434625
0.00427515
0.00422249
0.00432917
0.00443125
0.00422146
0.0052926
0.00419403
0.00464379
0.0051235
0.0056101
0.00427298
0.00433912
0.00444316
0.00412456
0.00438872
0.00420269
0.00412265
0.00423145
0.00426215
0.00427573
0.00427863
0.00424958
0.00415047
0.0042049
0.00422527
0.00424253
0.00414601
0.00420639
0.0046427
0.0043267
0.00423911
0.00426238
0.00415206
0.00417457
0.00426485
0.00415812
0.0044838
0.00422089
0.00440601
0.00428852
0.00420269
0.00444453
0.0054824
0.00472246
0.0042795
0.00432361
0.0042526
0.00429631
0.00444282
0.0043623
0.00433312
0.00439169
0.00439169
0.00433312
0.00437649
0.00439169
0.00433059
0.00433059
0.00433059
0.00433312
0.00419742
0.00438541
0.0043623
0.00424388
0.00438111
0.00443457
0.0043623
0.00444613
0.0043623
0.00446693
0.00437411
0.00471307
0.00435352
0.00433084
0.00439356
0.00454934
0.00452087
0.00435994
0.00427228
0.00475353
0.00447045
0.00456251
0.00435062
0.00470987
0.00463793
0.004317
0.00505038
0.00444475
0.00443178
0.00443904
0.00455912
0.00503652
0.00452799
0.00440483
0.00463569
0.00521352
0.0062999
0.00466373
0.00493368
0.00467181
0.00482444
0.00482444
0.00431442
0.00448977
0.00450073
0.00430443
0.00441312
0.00448024
0.00441655
0.00430895
0.00435034
0.00564859
0.00441509
0.00470571
0.00419075
0.00419075
0.00444299
0.00416052
0.00517734
0.00462322
0.00472318
0.00483954
0.00511814
0.00442141
0.00454423
0.00475997
0.00534884
0.00492129
0.00492663
0.00478917
0.00496257
0.00454906
0.00460575
0.00451969
0.00508094
0.00467015
0.00474324
0.00508094
0.00467015
0.00489149
0.00502265
0.00504301
0.00473544
0.00460602
0.00566669
0.00426089
0.0043627
0.00456504
0.00428282
0.00424569
0.00443363
0.00453713
0.00429046
0.00425526
0.00427118
0.0045362
0.00435491
0.00428324
0.00456742
0.00522845
0.00443974
0.00419446
0.00429679
0.00487584
0.00441934
0.00424568
0.00479096
0.00464826
0.00457263
0.00432439
0.00471503
0.00436445
0.0044513
0.0043316
0.00438815
0.0044513
0.00446236
0.00432413
0.0043126
0.00516156
0.00454796
0.00440496
0.00427994
0.00432627
0.00430294
0.00436452
0.00419528
0.00445072
0.00465235
0.00489653
0.00432658
0.00474526
0.00453654
0.00428598
0.00430128
0.00422501
0.00435682
0.00466944
0.00468979
0.0043249
0.0044192
0.00481687
0.00433153
0.00477672
0.00448401
0.00456041
0.00568641
0.00471693
0.00453494
0.00431775
0.00445783
0.00451981
0.00566214
0.00473201
0.00433257
0.0052565
0.00424634
0.00424379
0.00418002
0.00443453
0.0042318
0.0043172
0.0042318
0.0042581
0.00447726
0.00423179
0.0042318
0.00426926
0.0042486
0.00440616
0.0041705
0.00421641
0.00415812
0.00414833
0.00439921
0.00442724
0.00445216
0.00648294
0.00462224
0.00450921
0.00425012
0.00446599
