0.0283938
0.0304426
0.0194582
0.0196044
0.025012
0.0202964
0.0225224
0.0468633
0.0287437
0.0196451
0.0236779
0.020905
0.0769614
0.0181371
0.0212078
0.03066
0.037366
0.0318632
0.031791
0.0282373
0.0176888
0.031791
0.0282373
0.0176888
0.0204197
0.0178473
0.0594817
0.0234875
0.0488736
0.0313739
0.0294699
0.0179509
0.0173827
0.0219253
0.0266641
0.0227655
0.0211163
0.019739
0.0218846
0.0150637
0.0172319
0.02197
0.0194243
0.0231588
0.020257
0.0207646
0.0432814
0.021448
0.0273567
0.024944
0.0229348
0.0279602
0.022862
0.0276651
0.0236297
0.0171834
0.0185235
0.0185514
0.0171909
0.0182676
0.017114
0.0191023
0.0180071
0.0163854
0.0166769
0.0207515
0.0203734
0.0175365
0.030383
0.0218096
0.0245677
0.0241046
0.0261535
0.030383
0.0218096
0.0245677
0.0241046
0.0261535
0.0278569
0.0268058
0.0275897
0.0209839
0.0261428
0.0237135
0.0209459
0.0242418
0.0242334
0.0247297
0.0277075
0.0388481
0.0167902
0.0229823
0.0331671
0.0249326
0.0278973
0.0234061
0.0223722
0.0186824
0.0117392
0.0127654
0.0138459
0.0117392
0.0128367
0.0148226
0.017987
0.0187451
0.0169481
0.0195648
0.0164592
0.0222082
0.0176648
0.0196947
0.0328863
0.0162499
0.0188733
0.0148694
0.023178
0.0255215
0.0203769
0.0194076
0.0184412
0.0147571
0.0146766
0.0147457
0.0187571
0.0176058
0.0450176
0.0221146
0.0281455
0.0221526
0.0221221
0.0187949
0.0166787
0.03748
0.027805
0.0157752
0.0440201
0.027805
0.0157752
0.042109
0.0157661
0.0241378
0.0406582
0.0465631
0.0322201
0.0244063
0.0221146
0.0288044
0.0295074
0.085374
0.0221146
0.0422456
0.0218937
0.0246665
0.0198687
0.0252449
0.0173056
0.017023
0.0174831
0.0183604
0.0176091
0.0195354
0.0156835
0.0199304
0.01816
0.0196134
0.020856
0.0296736
0.018191
0.0178428
0.0184088
0.0204397
0.0182613
0.0276418
0.0177601
0.0175515
0.0258689
0.0190789
0.0175631
0.0283035
0.0159762
0.0196514
0.0217067
0.0247565
0.0266584
0.021258
0.0269366
0.025614
0.024249
0.0291657
0.0207686
0.0253854
0.0261141
0.027313
0.0207686
0.0213618
0.0235698
0.0200855
0.0186836
0.0272935
0.032791
0.0248882
0.0348591
0.0182173
0.0237915
0.0394306
0.0218096
0.0266584
0.021258
0.0311968
0.0240673
0.0150547
0.0177474
0.0171277
0.021926
0.0149698
0.0268548
0.0368817
0.0169472
0.0191725
0.0257409
0.0135099
0.022523
0.0146969
0.0145855
0.014129
0.0169921
0.0152465
0.0170662
0.014967
0.0147768
0.0154332
0.0220078
0.026188
0.0269522
0.0166558
0.0213759
0.0176491
0.0134631
0.0177561
0.0125172
0.0192523
0.0230504
0.0192325
0.0266873
0.0242792
0.0205593
0.0213111
0.0213959
0.0247724
0.0269634
0.0197896
0.0213183
0.0164054
0.01803
0.0189973
0.019663
0.0206578
0.020191
0.0141129
0.0208266
0.0170272
0.0217971
0.0215625
0.036036
0.0209079
0.0180091
0.0206577
0.0218354
0.0210083
0.0216739
0.0185248
0.0301674
0.0185248
0.0301674
0.0373465
0.0218399
0.0194926
0.0251092
0.0153341
0.0269882
0.0534889
0.0228363
0.0138775
0.0437179
0.0280865
0.0160668
0.0210763
0.0194853
0.0151961
0.0218034
0.0218558
0.0326911
0.0222536
0.0204481
0.0440021
0.0175487
0.020469
0.0308683
0.0480229
0.0226713
0.0269854
0.0171587
0.0214459
0.0214794
0.0248438
0.024551
0.0225058
0.0224105
0.0222359
0.0150344
0.0215733
0.0165483
0.0212896
0.0140449
0.017235
0.0171426
0.0178433
0.0179222
0.0191923
0.0174452
0.0146512
0.0156303
0.018961
0.0145407
0.0170189
0.0158535
0.0273662
0.023577
0.0164454
0.022545
0.0212348
0.0393113
0.0259007
0.0228245
0.0334568
0.0246229
0.0275342
0.0316437
0.021744
0.0259805
0.0268107
0.0225666
0.0323613
0.0334355
0.0222809
0.0239258
0.0242734
0.0317022
0.0202502
0.0236041
0.0220224
0.0283956
0.0207157
0.0242815
0.0269856
0.0216915
0.0264487
0.0228174
0.0228102
0.0319091
0.0208484
0.0340028
0.0171348
0.0286576
0.031593
0.0343435
0.029864
0.0322076
0.0300722
0.0290244
0.0307998
0.0252302
0.0197691
0.0314018
0.0184488
0.0157794
0.0259511
0.0188779
0.0212757
0.0253136
0.0253312
0.0182777
0.0256218
0.0284592
0.0316386
0.0192583
0.0188448
0.0387838
0.0180166
0.0212282
0.024229
0.0248271
0.0261358
0.051135
0.0281556
0.0335417
0.0280316
0.0273464
0.024495
0.029694
0.0259882
0.024937
0.0305916
0.0207619
0.0371123
0.0265296
0.027752
0.0245447
0.0295824
0.0255307
0.0371123
0.0265296
0.027752
0.0245447
0.0264575
0.0290889
0.0238566
0.0265296
0.027752
0.0245447
0.0191701
0.0195264
0.0227437
0.0172572
0.0241472
0.0240839
0.0203814
0.0201242
0.0193543
0.0315473
0.0180218
0.0272381
0.0191701
0.0259897
0.0227437
0.0227741
0.0473416
0.0332263
0.0429466
0.0508726
0.0159376
0.0252515
0.0444278
0.0207849
0.0171487
0.0171083
0.0255757
0.0320552
0.0315707
0.0189849
0.0177068
0.0406568
0.0177068
0.0406568
0.0336706
0.0201292
0.0206938
0.0212749
0.0229608
0.0268655
0.0215672
0.0376663
0.0174836
0.0223515
0.0269124
0.0232955
0.0343257
0.0213175
0.019772
0.0188643
0.016302
0.015761
0.0175764
0.0279505
0.0154596
0.0270802
0.0190496
0.0185221
0.019076
0.0187338
0.0234833
0.0392693
0.0244414
0.0318549
0.0297151
0.0213188
0.0343314
0.0244695
0.0341948
0.0392693
0.0180523
0.0393634
0.0312544
0.0277979
0.0274236
0.0373196
0.0200167
0.0212588
0.0221328
0.0194884
0.0295022
0.0214436
0.0209392
0.0392693
0.0213411
0.023926
0.0294982
0.0204921
0.022548
0.0210528
0.022032
0.0260189
0.0206105
0.0228398
0.03338
0.0300527
0.0264743
0.0236543
0.017954
0.0216248
0.016915
0.0180695
0.02085
0.0173581
0.0207516
0.024252
0.0254145
0.019228
0.0217969
0.0200449
0.0200019
0.0192529
0.0186529
0.0198225
0.0160734
0.0240201
0.0385825
0.0327492
0.0254145
0.019228
0.0139722
0.0138648
0.0136389
0.0159976
0.0139722
0.0138648
0.0136389
0.0159976
0.0178508
0.0191338
0.020313
0.017459
0.0141972
0.0145754
0.017659
0.0164714
0.0146977
0.0187103
0.0268448
0.0221526
0.0200849
0.0221951
0.019773
0.0198165
0.0238372
0.0241708
0.0230555
0.0202001
0.0196032
0.0188441
0.0199966
0.0223234
0.019206
0.0232723
0.021744
0.0236652
0.0188983
0.0198698
0.0185276
0.0195958
0.0225752
0.0181251
0.0148632
0.0178114
0.0211174
0.0198506
0.0161246
0.0254565
0.0273864
0.0193859
0.0207173
0.0259542
0.0244566
0.0221383
0.0209104
0.021535
0.0219833
0.02168
0.020626
0.0322142
0.0212974
0.0230381
0.0233203
0.0217618
0.0210386
0.0312794
0.0231108
0.023553
0.0175506
0.0146501
0.0312263
0.0151068
0.0169532
0.0190361
0.0174873
0.0284718
0.0238501
0.0196343
0.0235407
0.0150874
0.0192366
0.0161197
0.0209786
0.0260503
0.055178
0.0182196
0.0195295
0.024576
0.0282757
0.0170401
0.0172672
0.0253087
0.0175858
0.0191029
0.019838
0.0337515
0.0306265
0.0205837
0.0216893
0.0236944
0.0230001
0.0225852
0.0209469
0.0284102
0.0277215
0.0188929
0.0235395
0.0213321
0.0231555
0.0277083
0.020322
0.0177874
0.019034
0.0230559
0.0216467
0.021116
0.0204241
0.0186531
0.0245824
0.0212042
0.0237896
0.0224378
0.0217226
0.0173249
0.0171961
0.0171844
0.0142165
0.0171844
0.0142165
0.0190145
0.0163936
0.0133224
0.0149498
0.0254154
0.0167083
0.0131337
0.0200098
0.017342
0.0263396
0.0258238
0.0205905
0.0196174
0.03596
0.0161056
0.0191019
0.0190017
0.0209215
0.0140776
0.0268428
0.0292205
0.0286706
0.0143109
0.0171831
0.0190254
0.0182561
0.0155774
0.0234879
0.0164661
0.0259205
0.04983
0.0329843
0.0215049
0.0206009
0.0186897
0.0278613
0.0245606
0.0189137
0.0168645
0.0164488
0.0162205
0.0132273
0.0149806
0.0167399
0.016631
0.0157646
0.016631
0.012875
0.0339748
0.0189765
0.0281646
0.0180804
0.013096
0.0249751
0.0144633
0.0157648
0.0269366
0.0164849
0.0210337
0.0223891
0.014687
0.0175616
0.0176246
0.0156525
0.0173738
0.0154336
0.0171481
0.0151326
0.0164502
0.0168378
0.0164695
0.0175217
0.0160403
0.0173818
0.0228188
0.0226529
0.015396
0.0492638
0.020004
0.0302135
0.0242425
0.016863
0.0288914
0.0294497
0.0206736
0.0234088
0.0204193
0.0284056
0.02435
0.0209576
0.0229724
0.0406611
0.0306303
0.0226941
0.0318789
0.0214439
0.0203644
0.0313735
0.0221598
0.0288863
0.0262771
0.0268021
0.028218
0.0326386
0.0401334
0.0258396
0.0180709
0.0184603
0.0269311
0.0228635
0.0200225
0.0206165
0.0225736
0.0240329
0.0252159
0.0234012
0.031312
0.0237212
0.0179692
0.0183557
0.0190339
0.0208866
0.0241401
0.0247767
0.0253751
0.0190871
0.0163259
0.0158181
0.0178678
0.0202231
0.0209334
0.0245668
0.0168811
0.0244615
0.0168183
0.0321347
0.0298864
0.0203563
0.0233263
0.0211093
0.0613749
0.024142
0.0255324
0.0464496
0.0206997
0.0207247
0.0246589
0.0206083
0.0294748
0.0206952
0.0206987
0.0186349
0.0205837
0.0262612
0.0401432
0.028858
0.0208341
0.0179523
0.0184987
0.0195827
0.0305862
0.020401
0.0207475
0.0205691
0.016313
0.0158119
0.0235507
0.0165388
0.0158211
0.0159328
0.0171018
0.0238479
0.0191909
0.0208078
0.0204891
0.016313
0.0158119
0.0235507
0.0165388
0.0158211
0.0159328
0.0171018
0.0238479
0.0191909
0.0208078
0.0204891
0.0219129
0.0240912
0.0266715
0.0434298
0.0245006
0.0152433
0.0179749
0.0302628
0.0277801
0.0241587
0.0215634
0.0197071
0.0173566
0.024217
0.0232884
0.0232254
0.0305258
0.0238525
0.0210772
0.0260153
0.0243075
0.0177065
0.0204116
0.0265207
0.0206338
0.0309451
0.0286269
0.0262157
0.0252662
0.0258178
0.0284467
0.029973
0.0289333
0.0238841
0.0232378
0.0150594
0.0208127
0.0181145
0.0228724
0.0161678
0.0237719
0.0263755
0.020292
0.0213931
0.0181333
0.019836
0.0294914
0.0220935
0.019193
0.020226
0.0204439
0.0192226
0.0171234
0.0215842
0.0192928
0.0200418
0.0192928
0.0195574
0.024678
0.0186835
0.0203633
0.0236666
0.0194129
0.0211137
0.0408672
0.0226143
0.0230362
0.0163849
0.0297194
0.0226919
0.0289083
0.0162051
0.0137184
0.0211819
0.0142536
0.0171809
0.0145565
0.0168122
0.0179941
0.016054
0.0274578
0.0165335
0.0189244
0.0144086
0.020925
0.0172122
0.025359
0.015116
0.0144307
0.0238753
0.0214072
0.0301731
0.0248604
0.0352525
0.0190055
0.0181229
0.0190055
0.0254436
0.0186591
0.0183637
0.018065
0.0241406
0.0295658
0.0170656
0.0227174
0.0159541
0.0218339
0.0331552
0.0283157
0.0226032
0.0227705
0.0189953
0.021902
0.0169108
0.0238052
0.0215651
0.0223159
0.0256024
0.020505
0.0520803
0.0410044
0.0316937
0.0203229
0.0206544
0.0203498
0.025822
0.0179328
0.0399779
0.0188739
0.0267217
0.0197015
0.0215724
0.0203863
0.0215427
0.0191894
0.0286716
0.0343218
0.0249082
0.026046
0.0264279
0.0301115
0.0245422
0.0350455
0.0424794
