0.999719
0.999697
0.999621
0.999603
0.999603
0.999697
0.999691
0.999709
0.999585
0.999655
0.999646
0.999684
0.999676
0.999607
0.999632
0.999701
0.999617
0.999603
0.999603
0.999624
0.999592
0.999623
0.999662
0.999607
0.999621
0.99964
0.999606
0.99959
0.999699
0.99961
0.999653
0.999702
0.999661
0.999644
0.999665
0.999674
0.999688
0.99969
0.999696
0.999664
0.999654
0.999663
0.99962
0.999639
0.9997
0.999654
0.999636
0.999638
0.999655
0.99966
0.999715
0.999655
0.9997
0.999659
0.999697
0.999635
0.999655
0.999635
0.999644
0.9997
0.999699
0.999636
0.999639
0.999637
0.999617
0.999591
0.999623
0.999612
0.999706
0.999503
0.999514
0.999531
0.999652
0.999661
0.999599
0.999691
0.99968
0.999664
0.999719
0.999683
0.999734
0.999679
0.999696
0.999717
0.999702
0.999671
0.999724
0.999717
0.999685
0.999696
0.999695
0.999667
0.999685
0.99972
0.999682
0.999692
0.99969
0.999683
0.999681
0.999682
0.999692
0.999676
0.999706
0.999705
0.999665
0.999682
0.999683
0.999685
0.999302
0.999701
0.999621
0.999677
0.999672
0.999581
0.999657
0.999653
0.99963
0.999686
0.99968
0.99961
0.999646
0.999681
0.999717
0.999659
0.999686
0.999578
0.999687
0.99972
0.999689
0.999638
0.999691
0.999614
0.99967
0.999672
0.999699
0.999652
0.999708
0.999623
0.999679
0.999678
0.999626
0.999686
0.999677
0.999714
0.999644
0.999533
0.999569
0.999482
0.999532
0.999617
0.999579
0.999682
0.999223
0.999658
0.999647
0.999635
0.999709
0.999602
0.999623
0.999668
0.999611
0.99964
0.999584
0.999639
0.999645
0.999649
0.999655
0.999634
0.999085
0.99966
0.999676
0.999693
0.999654
0.999639
0.999686
0.999638
0.999683
0.999712
0.999691
0.999592
0.999693
0.999709
0.999646
0.999652
0.999705
0.999676
0.999664
0.999705
0.999571
0.999698
0.999675
0.999255
0.99972
0.99968
0.999692
0.999631
0.999703
0.999727
0.999686
0.999691
0.999698
0.999709
0.999675
0.999719
0.999633
0.999682
0.999696
0.999672
0.999689
0.999662
0.999699
0.999729
0.999698
0.999668
0.999682
0.999648
0.999703
0.999648
0.999618
0.999613
0.999667
0.999697
0.999691
0.999668
0.999689
0.999666
0.99966
0.999676
0.999666
0.999693
0.999449
0.999728
0.999712
0.999696
0.999709
0.999714
0.999716
0.999709
0.99972
0.99966
0.999658
0.999668
0.999706
0.999673
0.999718
0.999711
0.999674
0.999677
0.999656
0.999646
0.999667
0.999703
0.999726
0.999719
0.999718
0.999707
0.999653
0.999665
0.999664
0.99966
0.999653
0.999606
0.999516
0.999671
0.999591
0.999582
0.999607
0.999665
0.999684
0.999609
0.999646
0.999582
0.99963
0.999602
0.999668
0.999634
0.999668
0.999672
0.999641
0.999582
0.99968
0.999673
0.999613
0.999678
0.999565
0.999483
0.999516
0.999562
0.999708
0.999668
0.999627
0.999714
0.999678
0.999568
0.99973
0.999716
0.999698
0.999663
0.99967
0.999691
0.999682
0.99969
0.999708
0.99973
0.999714
0.999702
0.999656
0.999566
0.999726
0.999665
0.999667
0.999721
0.999676
0.999546
0.999526
0.999635
0.999661
0.999557
0.999512
0.999583
0.999583
0.999679
0.999591
0.999661
0.999651
0.999679
0.999726
0.999701
0.999685
0.99961
0.999683
0.999698
0.999695
0.999331
0.999673
0.999635
0.999639
0.999602
0.999626
0.999615
0.999613
0.999627
0.999608
0.99968
0.999645
0.999682
0.99969
0.999618
0.999582
0.999679
0.999644
0.99969
0.999679
0.999677
0.999631
0.999717
0.999651
0.99969
0.999657
0.999711
0.999696
0.999671
0.9996
0.999702
0.999587
0.999706
0.999667
0.999697
0.999685
0.999669
0.99965
0.999686
0.999709
0.999665
0.999615
0.999265
0.999657
0.999471
0.999489
0.999656
0.999668
0.999655
0.99969
0.999676
0.999664
0.999636
0.999677
0.999679
0.999665
0.999696
0.999389
0.999663
0.999138
0.999668
0.999713
0.999653
0.999693
0.999515
0.999504
0.99966
0.9996
0.99964
0.999683
0.999365
0.999701
0.999445
0.999672
0.999658
0.999694
0.999643
0.999725
0.999698
0.999695
0.999656
0.999662
0.999656
0.999686
0.999658
0.999658
0.999656
0.999658
0.999694
0.999652
0.999639
0.999662
0.999677
0.999662
0.999663
0.999698
0.999662
0.999658
0.999662
0.999683
0.999704
0.999714
0.999675
0.999691
0.999699
0.999698
0.999674
0.999596
0.999511
0.999694
0.999693
0.999611
0.999701
0.999606
0.99952
0.999583
0.99965
0.999605
0.999691
0.999653
0.999668
0.999575
0.999613
0.999587
0.999558
0.999587
0.999657
0.999503
0.999723
0.999686
0.999682
0.999731
0.99973
0.999733
0.999599
0.999597
0.999637
0.999638
0.999644
0.999643
0.999631
0.999669
0.999634
0.999674
0.999674
0.999673
0.999682
0.999691
0.999697
0.999705
0.999633
0.999717
0.999714
0.999634
0.999704
0.999672
0.999627
0.999658
0.999633
0.999702
0.999705
0.999711
0.999721
0.999646
0.999638
0.999663
0.999665
0.999641
0.999671
0.999666
0.999649
0.999704
0.999617
0.999672
0.999635
0.999665
0.999633
0.999627
0.999685
0.999721
0.999699
0.999526
0.999657
0.999581
0.999704
0.999696
0.999711
0.99971
0.999696
0.999714
0.999661
0.999715
0.9997
0.99971
0.999651
0.999671
0.999694
0.999641
0.999609
0.999696
0.999625
0.999651
0.999686
0.999608
0.999318
0.999657
0.99955
0.999659
0.999646
0.999668
0.999704
0.999699
0.999673
0.999665
0.99965
0.999696
0.999715
0.999669
0.999647
0.999703
0.999682
0.999682
0.99968
0.999661
0.999641
0.999681
0.999719
0.999706
0.999718
0.999725
0.999681
0.999672
0.999716
0.999666
0.999668
0.999708
0.999648
0.999647
0.999672
0.999712
0.999719
0.999648
0.999651
0.999718
0.999706
0.999707
0.999651
0.999677
0.999713
0.999715
0.999671
0.999709
0.999726
0.999714
0.999531
0.999612
0.999713
0.999683
0.999674
0.999654
0.999644
0.999675
0.999693
0.999695
0.999709
0.999716
0.999678
0.999656
0.999722
0.999732
0.99973
0.999691
0.999662
0.999692
0.999623
0.999664
0.999681
0.999678
0.999657
0.999694
0.999629
0.999632
0.999668
0.999616
0.999677
0.999672
0.9997
0.999674
0.999629
0.999687
0.999622
0.999447
0.999546
0.999367
0.999637
0.999681
0.999698
0.999606
0.999681
0.999645
0.99963
0.999651
0.999728
0.999611
0.999724
0.999714
0.999733
0.999711
0.999698
0.999662
0.999685
0.999637
0.999694
0.999667
0.999609
0.999661
0.9994
0.999728
0.999669
0.999703
0.999697
0.999647
0.99963
0.999593
0.999684
0.999652
0.999654
0.999645
0.999684
0.999692
0.999657
0.999695
0.9997
0.999273
0.999699
0.999654
0.999599
0.999672
0.999705
0.99961
0.999681
0.999682
0.999675
0.999684
0.999652
0.999663
0.99969
0.999687
0.999683
0.999701
0.999719
0.999663
0.999702
0.99971
0.999683
0.999714
0.999705
0.999693
0.999719
0.999622
0.99971
0.999657
0.999679
0.999676
0.999694
0.999647
0.99972
0.999595
0.99966
0.999684
0.999488
0.999632
0.999702
0.999672
0.999661
0.999706
0.999686
0.999698
0.999695
0.999719
0.999707
0.999696
0.999697
0.99969
0.999701
0.999711
0.99972
0.999708
0.999645
0.999636
0.999705
0.999479
0.999639
0.999673
0.999646
0.99965
0.999523
0.999709
0.999651
0.999702
0.999726
0.999681
0.999707
0.999673
0.99965
0.999683
0.999717
0.999703
0.999685
0.999711
0.999685
0.99967
0.999686
0.999682
0.999694
0.999716
0.999698
0.999688
0.999691
0.999559
0.99946
0.999701
0.999543
0.999673
0.999666
0.99972
0.999724
0.999665
0.999666
0.999708
0.999566
0.99973
0.999683
0.999603
0.999604
0.9997
0.999674
0.999549
0.999723
0.999654
0.999722
0.999704
0.99969
0.999657
0.999654
0.999637
0.999638
0.999703
0.999642
0.999649
0.999695
0.999724
0.999713
0.999648
0.999719
0.999664
0.999663
0.999706
0.999702
0.999676
0.999722
0.999663
0.999715
0.999721
0.999686
0.999697
0.999719
0.99958
0.99965
0.999725
0.999683
0.999676
0.999711
0.99967
0.999644
0.999636
0.999666
0.999673
0.999633
0.99967
0.999659
0.99971
0.999699
0.999706
0.999633
0.999684
0.999677
0.999669
0.999708
0.99967
0.999719
0.999656
0.999521
0.999665
0.999653
0.999719
0.999579
0.999714
0.99964
0.999703
0.999724
0.999685
0.999657
0.999731
0.999711
0.999671
0.999725
0.999691
0.999717
0.999704
0.999702
0.999717
0.999656
0.999705
0.9997
0.999706
0.999692
0.999671
0.999703
0.99966
0.999347
0.999569
0.999627
0.999665
0.999603
0.999625
0.999625
0.999643
0.999735
0.999721
0.999725
0.999654
0.99973
0.999685
0.999677
0.999705
0.999631
0.999713
0.999646
0.999706
0.999701
0.999675
0.999681
0.999665
0.99967
0.999669
0.999683
0.999689
0.999696
0.999616
0.999659
0.999631
0.999667
0.999601
0.99971
0.999678
0.999677
0.999673
0.999643
0.999675
0.999673
0.999619
0.999675
0.999673
0.999643
0.999558
0.999366
0.999595
0.999572
0.999485
0.999724
0.999697
0.999649
0.999708
0.999644
0.999463
0.999652
0.999706
0.999731
0.999671
0.999691
0.999712
0.999724
0.999592
0.999499
0.999692
0.999707
0.999648
0.999678
0.999695
0.999713
0.999626
0.999704
0.999704
0.999719
0.999634
0.999711
0.999669
0.999731
0.999687
0.999712
0.999695
0.999712
0.999694
0.999528
0.999696
0.999666
0.999712
0.999683
0.999687
0.999696
0.999676
0.999717
0.999683
0.999612
0.999654
0.999708
0.999676
0.999722
0.999689
0.999707
0.999689
0.999655
0.999681
0.999707
0.999724
0.999595
0.999701
0.999718
0.999717
0.999672
0.99965
0.999717
0.99969
0.999712
0.999716
0.999647
0.999491
0.999603
0.999701
0.99952
0.999717
0.999693
0.999694
0.999615
0.999601
0.999648
0.999597
0.999651
0.999611
0.999634
0.999627
0.99966
0.999683
0.999709
0.999695
0.999646
0.999689
0.999693
0.999658
0.999716
0.999706
0.999527
0.999686
0.999696
0.999718
0.999715
