0.00300878
0.00290672
0.00398594
0.00293084
0.00293084
0.0029806
0.00337065
0.00294017
0.00288506
0.00286042
0.00287436
0.00295145
0.00292961
0.00294392
0.00275005
0.00313777
0.00303286
0.00293084
0.00296
0.00295932
0.0029228
0.00287493
0.00279342
0.00294392
0.00298739
0.00280366
0.00293218
0.00296805
0.00287363
0.00287659
0.00356974
0.00412644
0.00289787
0.00317308
0.00320154
0.00300694
0.00281025
0.00279698
0.00278433
0.00285639
0.00302126
0.00293986
0.00283441
0.00283441
0.00303218
0.00323413
0.003124
0.00286529
0.00288423
0.00319328
0.00282452
0.0029988
0.00288278
0.00301637
0.00275233
0.0029368
0.0029988
0.00311715
0.00310982
0.00294696
0.00303311
0.00332099
0.00284603
0.00303298
0.00288418
0.0030926
0.00296604
0.00298124
0.00306959
0.00550096
0.0038598
0.00409301
0.00300764
0.00288917
0.00291196
0.00322707
0.00296597
0.00296283
0.00288246
0.004546
0.00299648
0.00320157
0.00283929
0.00276215
0.00288909
0.00290875
0.00302651
0.00300996
0.00283057
0.00291299
0.00298657
0.00283998
0.00280934
0.00276894
0.00300627
0.00291806
0.0028993
0.00284512
0.00280934
0.00299111
0.00291806
0.00289938
0.00284719
0.00298657
0.00283998
0.00280934
0.00280934
0.00280934
0.00435063
0.00307781
0.00340524
0.0029422
0.00302104
0.00295059
0.00299267
0.00294594
0.00292433
0.00294594
0.00341759
0.00308968
0.00315467
0.00297666
0.00305701
0.00286718
0.0028703
0.00305395
0.00297285
0.00289305
0.00285851
0.00290875
0.00307116
0.0029219
0.00294682
0.00301304
0.00311363
0.00315414
0.0034218
0.0031595
0.00294997
0.00334935
0.00433475
0.00360811
0.00294681
0.00280937
0.00296887
0.00308883
0.0030168
0.00310685
0.00303033
0.00277311
0.00307242
0.00290945
0.00464571
0.0027737
0.00299133
0.00284884
0.00305121
0.00289859
0.0031054
0.00302935
0.00303578
0.00290751
0.00303753
0.00284908
0.00289185
0.00296865
0.00295084
0.00413542
0.00572375
0.00294581
0.00317859
0.00279558
0.00292731
0.00290832
0.00278046
0.00299422
0.00286561
0.00296855
0.00278116
0.00341042
0.00277317
0.00277992
0.00282252
0.00328286
0.00312853
0.00302699
0.00299412
0.00304192
0.00370146
0.0031005
0.00300702
0.00408594
0.00295977
0.0035318
0.0029173
0.00318228
0.00304869
0.00286175
0.00297597
0.00300841
0.0028801
0.00308303
0.0031218
0.0029309
0.00390807
0.00286005
0.00301815
0.00347388
0.00285419
0.00284376
0.00295234
0.00306329
0.00294853
0.00266749
0.00275773
0.00290153
0.00270275
0.00287027
0.00287027
0.00281785
0.00272098
0.00277323
0.00281526
0.00280233
0.00300522
0.00299344
0.00313926
0.00278541
0.00277108
0.00266246
0.00340476
0.00295284
0.00296865
0.00295264
0.00300253
0.00293664
0.00298468
0.00300947
0.00297044
0.00288739
0.00294288
0.00318872
0.00296756
0.00282513
0.00305936
0.00285957
0.00292626
0.00293065
0.00291251
0.00298758
0.00295119
0.00285382
0.00285231
0.00285231
0.00290858
0.00285957
0.00301447
0.00288739
0.00283165
0.00295333
0.00278944
0.00353499
0.0027646
0.00295428
0.00297772
0.00298294
0.00293593
0.00284301
0.00293609
0.00297009
0.00287381
0.00298294
0.00291247
0.00301577
0.00284619
0.00286804
0.00284686
0.00289471
0.00287302
0.00298294
0.00283123
0.00280775
0.00306817
0.00277318
0.00292543
0.00439438
0.0027646
0.00441135
0.00302228
0.00285245
0.00438352
0.00280946
0.00271901
0.00428854
0.00292861
0.0031277
0.00289715
0.00445883
0.00292903
0.00281134
0.00284236
0.0029874
0.00289498
0.00283545
0.00305778
0.00391555
0.00376807
0.00373066
0.00286396
0.0030008
0.00283488
0.00282922
0.00306425
0.0031332
0.00319321
0.00297892
0.00302983
0.00342446
0.00320741
0.00301255
0.00301255
0.00301243
0.00299142
0.00302287
0.00309702
0.00351511
0.00321876
0.00306124
0.00303351
0.0030746
0.00303544
0.00287731
0.00294806
0.00446608
0.00280838
0.00306568
0.00283914
0.00289241
0.00283411
0.0028599
0.00295332
0.0029178
0.00297886
0.00305484
0.00280691
0.00303131
0.00297952
0.00307374
0.00308983
0.00309068
0.00297947
0.00296838
0.00289901
0.00314522
0.00303051
0.00316534
0.00300152
0.00312213
0.00282041
0.00293787
0.00305414
0.00301455
0.00406575
0.00281724
0.00301501
0.00324178
0.00287289
0.00296103
0.00282215
0.00314396
0.00308998
0.00284975
0.00299228
0.00281949
0.00286004
0.00523676
0.00306357
0.00383515
0.00457386
0.00308067
0.00356817
0.00397879
0.00301034
0.00300805
0.00329686
0.00286894
0.00309532
0.00320836
0.00325405
0.002965
0.00491783
0.00435978
0.00480129
0.00295794
0.00304311
0.00293248
0.00325676
0.00475624
0.00466971
0.00307354
0.00375864
0.00367977
0.00307155
0.005013
0.00343388
0.00478253
0.00311286
0.00311814
0.00296565
0.00330214
0.00312436
0.00292969
0.00308672
0.00308194
0.00308194
0.00308194
0.00315011
0.0031994
0.0031994
0.00308194
0.0031994
0.00301292
0.00315273
0.00320374
0.00308194
0.00302229
0.00308194
0.00308194
0.00302193
0.00308194
0.0031994
0.00315273
0.00315096
0.00305102
0.0027838
0.00281153
0.00289527
0.0029604
0.00298057
0.00294932
0.00294446
0.00390047
0.00301159
0.00323654
0.00377318
0.00296108
0.00399227
0.00447879
0.00507175
0.00315314
0.00294995
0.00299289
0.00277882
0.00303749
0.0028668
0.00292507
0.00286865
0.00397816
0.00286865
0.00326398
0.00406531
0.00363315
0.00301167
0.00304446
0.00283466
0.00288304
0.00288304
0.00433035
0.00329795
0.00294131
0.00303311
0.0032477
0.00319313
0.00307984
0.00303259
0.00321806
0.00307369
0.00285814
0.00285557
0.00285557
0.00306704
0.00305718
0.00295255
0.00311151
0.00331441
0.00316463
0.00295708
0.00299991
0.00300366
0.00328334
0.00313766
0.00342862
0.00321737
0.00309181
0.00299543
0.00309297
0.00327146
0.0032038
0.00310452
0.00333612
0.00312665
0.00325795
0.00335115
0.00332615
0.00313554
0.00347231
0.00355389
0.00341679
0.00313953
0.00348153
0.00347231
0.00330999
0.00323714
0.00305704
0.00370752
0.00322042
0.00348597
0.00339729
0.00313106
0.00305826
0.00337407
0.0032966
0.0031246
0.00335342
0.00298142
0.00302814
0.00308173
0.00299925
0.00326827
0.0033148
0.00370016
0.00375725
0.00300511
0.00316352
0.00340113
0.00311951
0.00326869
0.00442467
0.00376865
0.00353791
0.00290241
0.00313691
0.00287004
0.00323505
0.0032086
0.00279117
0.00275389
0.00314624
0.00328055
0.0030163
0.00275289
0.00290581
0.00296822
0.00328936
0.00279106
0.00297121
0.00273551
0.00294886
0.00305325
0.00305545
0.00333477
0.00285285
0.00304341
0.00278802
0.00280986
0.00304642
0.00277967
0.00304686
0.00284585
0.0029185
0.00297766
0.00276211
0.00300521
0.00313228
0.00289158
0.00297766
0.00288148
0.00298144
0.00302783
0.00295245
0.0028483
0.0028498
0.00318074
0.00286469
0.0028993
0.00289461
0.00313925
0.00336249
0.00304802
0.00313925
0.00285243
0.00306687
0.00278814
0.00301141
0.00292543
0.00301698
0.00301273
0.00294013
0.00315051
0.00354916
0.00370637
0.00307183
0.00298466
0.00349769
0.00356784
0.00286703
0.00270721
0.00286443
0.00300596
0.00312336
0.00295719
0.00277805
0.0031358
0.00292264
0.00283667
0.00325379
0.00323102
0.00269706
0.00296529
0.00297198
0.00279692
0.00301233
0.00309178
0.00299802
0.00397336
0.00321002
0.00451956
0.00308607
0.00288745
0.00308066
0.00281276
0.00267686
0.00300467
0.00302693
0.00289056
0.00281454
0.00346113
0.002863
0.00304953
0.00278043
0.0030716
0.00294241
0.00286525
0.00284981
0.00290217
0.00297149
0.00303228
0.00378464
0.00316056
0.00417676
0.00279295
0.00298033
0.00295463
0.00302091
0.00284667
0.00304026
0.00294486
0.00302226
0.00304019
0.00287312
0.00294693
0.00300789
0.00286327
0.00290536
0.00307992
0.00284147
0.0040495
0.0028158
0.00293908
0.00381939
0.00272702
0.00275068
0.0028715
0.00287996
0.00305418
0.00280573
0.00279085
0.00281883
0.00277249
0.00273755
0.00283196
0.00284271
0.00276253
0.00279234
0.00283945
0.00286374
0.00273916
0.0035754
0.00288289
0.00295439
0.00277438
0.0028171
0.0037477
0.00311967
0.00314014
0.00341305
0.00316212
0.00311441
0.00326657
0.00338796
0.00342037
0.00388804
0.0035412
0.00331313
0.00343453
0.00316576
0.00353718
0.00318467
0.00351485
0.0032411
0.00319094
0.00301995
0.00319504
0.00301833
0.00327323
0.00305269
0.00326973
0.0032043
0.00312944
0.00318433
0.00302246
0.00335189
0.00405376
0.00296848
0.00411893
0.00447172
0.00336113
0.00373694
0.0030802
0.00439867
0.00297706
0.0033634
0.00295196
0.00306862
0.0028842
0.00293526
0.00336113
0.00297889
0.00292708
0.00312757
0.00308188
0.00288241
0.00292892
0.00298573
0.00319527
0.00324927
0.00293518
0.00305505
0.00309152
0.00312973
0.00299947
0.00296349
0.00426542
0.00552184
0.00309733
0.00443429
0.0031265
0.00320291
0.00293417
0.00298613
0.00296847
0.00304516
0.00302115
0.00452199
0.00298854
0.0030475
0.00375022
0.00395178
0.00305724
0.00311819
0.00348522
0.00308561
0.00326426
0.0030032
0.00326692
0.00289665
0.00297587
0.00311525
0.00320009
0.00307852
0.00293188
0.00292105
0.00290686
0.00309397
0.00312624
0.00318134
0.00352312
0.00291446
0.00311525
0.00299103
0.00314912
0.00336493
0.00316574
0.00330057
0.00314537
0.0032962
0.00342805
0.00299504
0.00317459
0.0028691
0.00475114
0.0030044
0.00311488
0.00338308
0.00316939
0.00311488
0.00328485
0.0031184
0.00304374
0.00321778
0.00316374
0.00312035
0.00303692
0.00310777
0.00297749
0.00301379
0.00301379
0.00311676
0.00307468
0.00304385
0.00297149
0.00317085
0.00286705
0.00298025
0.002865
0.00291414
0.00283901
0.00289139
0.00319532
0.00366972
0.00305241
0.00321515
0.00287393
0.00309356
0.00313608
0.00311607
0.00297447
0.00288059
0.00290269
0.00293099
0.00299328
0.00290874
0.00281119
0.00313789
0.00334513
0.00288563
0.00297847
0.003013
0.00286546
0.00291719
0.00335572
0.00320809
0.0029294
0.00503391
0.00383432
0.00325016
0.00296968
0.00361954
0.00420009
0.00420009
0.00341359
0.00319371
0.00314285
0.00320013
0.00339937
0.00320854
0.00288888
0.00304464
0.00306671
0.0030777
0.00307996
0.00331663
0.00307657
0.00296727
0.0030542
0.00304161
0.00295186
0.00300394
0.00295218
0.00299306
0.00307819
0.00300068
0.00301719
0.00287129
0.00314788
0.00313399
0.00306023
0.0028523
0.00308692
0.00268523
0.00298794
0.00290118
0.0029782
0.00274938
0.00308373
0.0029782
0.00274938
0.00283192
0.0028474
0.00433104
0.00318314
0.00286056
0.00400868
0.00292338
0.00308311
0.00299096
0.0028975
0.00289413
0.00359425
0.00310863
0.00321697
0.00308804
0.00321671
0.00312391
0.00343739
0.00326199
0.00329071
0.00397792
0.00346738
0.00286689
0.00303663
0.00362556
0.00288605
0.00319899
0.00293543
0.00321621
0.0031249
0.00311234
0.00319724
0.00314352
0.00302788
0.00312392
0.00337535
0.00301687
0.00305936
0.00306127
0.00310022
0.00385071
0.0030017
0.00311662
0.00308562
0.00317311
0.00294241
0.00308528
0.00300601
0.00292889
0.00299415
0.00372461
0.00296054
0.00278712
0.002837
0.00301965
0.00273852
0.00301156
0.00279407
0.00393304
0.00357518
0.0029907
0.00283851
0.00378384
0.00310284
0.00310482
0.00300547
0.00300243
0.00387106
0.00327647
0.00294309
0.00286983
0.00285671
0.00297288
0.00350053
0.00362729
0.00278578
0.00354958
0.00298057
0.00314941
0.00309291
0.00283349
0.00308744
0.00284928
0.00308744
0.00300138
0.00296739
0.0029586
0.0029586
0.00284479
0.00287045
0.00320781
0.00321973
0.00307185
0.00301213
0.00287733
0.00295249
0.00346314
0.00338601
0.0032147
0.00306553
0.00324126
0.00305171
0.00336383
