0.00217217
0.00278066
0.0044344
0.00323357
0.00322528
0.00306545
0.00329271
0.0030225
0.00283655
0.00288777
0.00281284
0.00295288
0.00289884
0.00327345
0.00278392
0.00304804
0.00298699
0.00323357
0.00289645
0.00308682
0.00270818
0.00259659
0.00299617
0.00327345
0.00316467
0.0029782
0.00280213
0.00296425
0.00323138
0.00271164
0.00351899
0.00272747
0.00220417
0.00281532
0.00253753
0.00245311
0.0023868
0.00236837
0.0024317
0.0024747
0.00260423
0.00217555
0.00275271
0.00271034
0.00234448
0.00243842
0.00266452
0.00231291
0.00269767
0.0025649
0.00242131
0.0026131
0.00235893
0.00257186
0.00230832
0.00257929
0.0026131
0.00273092
0.00255807
0.00257285
0.00225788
0.00399045
0.00280757
0.00273219
0.00296266
0.00310816
0.00295906
0.00298541
0.00263743
0.00932703
0.00410387
0.004122
0.00270357
0.00279192
0.00264874
0.00241645
0.00323059
0.0027525
0.00249898
0.00462532
0.0028987
0.00229146
0.00278315
0.00252593
0.00253828
0.0023793
0.00229386
0.00231329
0.00251636
0.00228328
0.00274704
0.00260079
0.00259429
0.00251314
0.00287123
0.00274236
0.00274236
0.00276786
0.00259429
0.00249038
0.00274236
0.00267667
0.00239515
0.00274704
0.00260079
0.00259429
0.00276786
0.00259429
0.0059778
0.00237689
0.00302323
0.00264725
0.00226114
0.00258581
0.00279495
0.0029126
0.00289089
0.00312337
0.00225346
0.00270683
0.00278328
0.00289652
0.00232565
0.00302126
0.002181
0.00314537
0.00264028
0.00242691
0.00261091
0.00276873
0.00261724
0.00256934
0.00245788
0.00295394
0.00272429
0.00264564
0.00243511
0.00287843
0.0026578
0.00273531
0.00376971
0.00312914
0.00230369
0.00222258
0.00236073
0.00271463
0.00266802
0.00285439
0.00246938
0.00236033
0.00244184
0.00227097
0.00937456
0.00246815
0.00234638
0.00238746
0.00240842
0.0021821
0.00211727
0.0023597
0.00229647
0.0024001
0.00236283
0.00249113
0.00297292
0.00263273
0.00300443
0.00326473
0.00982012
0.00248413
0.00268506
0.00256482
0.00261791
0.00301549
0.00247318
0.00259677
0.00241407
0.00235585
0.00237519
0.00306199
0.00263361
0.00241978
0.00309421
0.00328043
0.00250373
0.00232628
0.00247975
0.00208806
0.00300095
0.00252485
0.00261483
0.00861941
0.00226673
0.00297829
0.00219549
0.00318623
0.00231326
0.0022066
0.00240652
0.00252392
0.00243881
0.00225426
0.00254229
0.00230241
0.00336546
0.00260164
0.00268392
0.00323572
0.00247785
0.00281877
0.00240408
0.00250432
0.0023853
0.00262952
0.00255894
0.00259907
0.00244737
0.00255221
0.00255154
0.00259469
0.00263413
0.00241227
0.00229879
0.00262671
0.00328997
0.00259964
0.00326124
0.00220438
0.00280179
0.00260294
0.00311173
0.00216517
0.00230432
0.00230019
0.00220678
0.00220678
0.0022534
0.0022534
0.00229634
0.00242166
0.00244239
0.00259726
0.00225359
0.00260083
0.00234689
0.00237377
0.00235992
0.00235992
0.00233287
0.00235055
0.00250126
0.00233886
0.00227165
0.00234538
0.00217076
0.00243513
0.00255043
0.00242166
0.00263499
0.00253127
0.00308731
0.0044279
0.00325926
0.0023816
0.0035551
0.0037151
0.00406371
0.00316112
0.00267553
0.00323126
0.00246554
0.0037151
0.00383623
0.00278352
0.00272741
0.0030106
0.00307665
0.00257772
0.00318495
0.00383358
0.00357345
0.00328597
0.0039304
0.00290463
0.00367284
0.00364804
0.00325926
0.00499794
0.0041185
0.00257288
0.00392181
0.00258128
0.00257246
0.00376526
0.00234441
0.00265607
0.00325758
0.00304629
0.00245738
0.00233471
0.00271481
0.00285597
0.00265221
0.00262298
0.0021499
0.00284396
0.00363863
0.00314024
0.00279967
0.00255688
0.00277186
0.00227371
0.00236481
0.00346461
0.00298228
0.00314839
0.00266128
0.00350366
0.00416092
0.00372722
0.00372722
0.0022362
0.00379218
0.00255207
0.00259567
0.00330067
0.00231671
0.00272475
0.00221599
0.00310515
0.00270264
0.00302582
0.00260965
0.00838183
0.00273496
0.0027906
0.00279523
0.00266888
0.00262948
0.00233821
0.00287022
0.00300671
0.00272027
0.00249509
0.00262175
0.00276307
0.00273453
0.00243261
0.00296948
0.00239424
0.00268782
0.00265444
0.00251406
0.00229552
0.00255712
0.00241201
0.00279452
0.00246923
0.0030743
0.00256946
0.002731
0.00246979
0.0033159
0.0022875
0.00230888
0.00218394
0.00269508
0.00236874
0.00219854
0.00263632
0.00269036
0.00259056
0.00228179
0.00335601
0.00319607
0.0156007
0.00254931
0.00303947
0.00370265
0.00282164
0.00435033
0.00465505
0.00228749
0.00255099
0.00254354
0.00338816
0.00310157
0.00301853
0.00325587
0.00274855
0.00548367
0.00384116
0.00612249
0.00237714
0.00259552
0.00327964
0.00310805
0.00701127
0.00473209
0.00413535
0.00359642
0.00342405
0.00313991
0.00517857
0.00318966
0.00370503
0.00305777
0.00296433
0.00250703
0.00255058
0.00230323
0.00261584
0.00246337
0.00253766
0.00246286
0.00253766
0.0023677
0.00263853
0.00263853
0.00253766
0.00263853
0.00242074
0.00253766
0.00260594
0.00246286
0.00250703
0.00246286
0.00253766
0.00322255
0.00246286
0.00263853
0.00246286
0.0029874
0.00244158
0.00248383
0.00216905
0.00231161
0.00238833
0.00286446
0.00222939
0.00308332
0.00348726
0.00245051
0.00319101
0.00314328
0.00253039
0.00329506
0.00438431
0.00508931
0.00313655
0.00303359
0.00299701
0.00275956
0.00250539
0.00285463
0.00311514
0.002779
0.00462594
0.00287359
0.00328138
0.0036709
0.00294922
0.00274701
0.00263819
0.00244867
0.00232156
0.00232156
0.0032557
0.004515
0.00303905
0.00251213
0.00240181
0.00240177
0.00240729
0.00229241
0.00252386
0.00254343
0.00237136
0.00236873
0.00236873
0.00277363
0.00252796
0.00272948
0.00260717
0.00212836
0.00229674
0.00249519
0.00242686
0.00297818
0.00274985
0.00267364
0.00302607
0.00261484
0.00259228
0.00249115
0.0023925
0.00249268
0.00244782
0.00240019
0.00260953
0.00255616
0.00254498
0.0025161
0.00266469
0.00243589
0.00257013
0.00263848
0.00268296
0.00302774
0.00263823
0.00258844
0.0027272
0.00213652
0.00213134
0.00260924
0.00265496
0.00368016
0.0021909
0.00240746
0.00221777
0.00213844
0.00267568
0.00229081
0.00312311
0.00272965
0.00229371
0.00255962
0.00261584
0.00285163
0.00353658
0.00391926
0.00353689
0.00249695
0.00325008
0.00309779
0.00252325
0.00270527
0.00436033
0.00346209
0.00369396
0.00306942
0.0032842
0.00268635
0.00241476
0.00242941
0.00288996
0.00267967
0.00326361
0.00243556
0.00287134
0.00262631
0.00267085
0.00224798
0.00294314
0.00319761
0.0024354
0.00255504
0.00259336
0.00236754
0.00227644
0.00246605
0.0024926
0.00240412
0.00265192
0.0025545
0.0022919
0.00248814
0.00274609
0.00244915
0.0028862
0.00272022
0.00227809
0.00238317
0.00222358
0.00262147
0.00272022
0.00249971
0.00234251
0.00232131
0.00272022
0.00264394
0.00251358
0.00237355
0.00236316
0.00233532
0.00248085
0.00240582
0.00831811
0.00250228
0.00240595
0.00323895
0.00238466
0.0030743
0.00301601
0.00320135
0.00293323
0.00234356
0.00272683
0.00223972
0.00270282
0.00315062
0.00248808
0.00234583
0.0023966
0.00229044
0.00274818
0.00259477
0.00274286
0.00223805
0.00242921
0.00293686
0.00284931
0.00231013
0.00317176
0.00289244
0.00275723
0.00250469
0.00272025
0.00320128
0.0022303
0.002789
0.00231729
0.0022872
0.00255772
0.00428581
0.00358669
0.00451763
0.00247244
0.00232275
0.00274951
0.00352429
0.00302187
0.00290972
0.00276809
0.00291107
0.0028126
0.00333721
0.00239807
0.00253274
0.00291237
0.00241444
0.00239533
0.00260518
0.00228789
0.00263415
0.00254743
0.00217322
0.00310721
0.00247199
0.00366163
0.00217564
0.00253303
0.00212023
0.00236417
0.00219329
0.00246256
0.00257289
0.00219321
0.00242504
0.00238148
0.00228574
0.00218958
0.00241764
0.00230162
0.00240185
0.00240017
0.00624069
0.00243323
0.00284892
0.00331441
0.00264288
0.002529
0.00226935
0.00222042
0.0030934
0.00246648
0.00264764
0.002195
0.00273499
0.00266068
0.0021397
0.00233217
0.0026808
0.00262269
0.00258737
0.00261153
0.00241017
0.00329534
0.00243555
0.0021937
0.00247976
0.00218802
0.0032855
0.002586
0.00290707
0.00259683
0.00240385
0.00272424
0.0025817
0.00320853
0.00291581
0.00282005
0.00295941
0.0032064
0.00271205
0.00280787
0.00284748
0.00244692
0.00257473
0.00234416
0.00224325
0.00240334
0.00228106
0.00222991
0.00240613
0.00222991
0.00219681
0.00237627
0.00239726
0.00222658
0.0024123
0.00286808
0.00484127
0.00238825
0.00410212
0.00348055
0.00270753
0.00307138
0.00259903
0.00459564
0.00243717
0.00295503
0.00213998
0.00224816
0.00266088
0.00217657
0.00270753
0.00250478
0.002746
0.00253246
0.00241295
0.00219671
0.00300687
0.00244972
0.00260268
0.00267104
0.00226548
0.00239036
0.00232986
0.00219979
0.00264212
0.00249557
0.0112672
0.00723414
0.00228605
0.00448449
0.00212924
0.00229607
0.00236792
0.00241191
0.00252456
0.00222993
0.00241939
0.00343844
0.00235391
0.00239029
0.00307547
0.00344847
0.00229754
0.00268317
0.00348518
0.00218495
0.00259563
0.00271168
0.00221947
0.00236944
0.00247373
0.00212903
0.00222594
0.00229533
0.00223186
0.00228049
0.0023241
0.00222771
0.00214966
0.00246173
0.00341265
0.00235212
0.0022981
0.00261485
0.00230342
0.00217849
0.00233349
0.00214
0.0023043
0.00231581
0.00269956
0.00235385
0.00276814
0.00303746
0.00299748
0.00231427
0.00200149
0.00222892
0.00209935
0.00198693
0.00211666
0.00245121
0.00239904
0.00235192
0.00235415
0.00232303
0.00237759
0.00235436
0.00242595
0.00242045
0.00242045
0.00239904
0.00235939
0.00241833
0.00265466
0.00228608
0.00241045
0.00205853
0.00245303
0.00242679
0.00272317
0.00243904
0.00266863
0.00362925
0.00221773
0.00231409
0.00219544
0.00249125
0.00235828
0.00241788
0.00220527
0.00219455
0.00266463
0.00288279
0.00211634
0.00228841
0.00306313
0.00234043
0.00262758
0.00260101
0.0024427
0.00232604
0.00264663
0.00234838
0.00336111
0.00221568
0.00261676
0.00593771
0.00254219
0.00296366
0.00245031
0.00389818
0.00333714
0.00333714
0.00268798
0.00225319
0.00261287
0.00221685
0.00253427
0.00299516
0.0028205
0.00227945
0.00241071
0.00265729
0.00230076
0.00257687
0.00239431
0.00236931
0.00242875
0.00252275
0.0029739
0.00312777
0.00274346
0.003147
0.00285231
0.00305278
0.00336211
0.0038061
0.00322437
0.00303188
0.00327055
0.00306039
0.00277349
0.00288815
0.00266974
0.00285083
0.00241909
0.00381969
0.00249761
0.00241909
0.00381969
0.00310943
0.00289281
0.0038736
0.00278788
0.00285005
0.00433237
0.00221453
0.00293097
0.00304769
0.00241899
0.00272072
0.00294158
0.00253399
0.00226454
0.0023526
0.00211469
0.00313942
0.00212539
0.00230758
0.00268493
0.004018
0.0033988
0.00264079
0.00277566
0.00356352
0.00249517
0.00231446
0.00331609
0.00308131
0.00274962
0.00232625
0.00322418
0.00253802
0.00231072
0.00236953
0.00280258
0.00254559
0.00218591
0.00246238
0.00279966
0.00316451
0.00262964
0.00263621
0.00247437
0.002396
0.00222853
0.0024714
0.00228597
0.00222246
0.002186
0.00316613
0.00227204
0.00326923
0.00228218
0.00229947
0.00291524
0.00232689
0.00269374
0.00316295
0.00341922
0.002317
0.00232842
0.00375093
0.00241918
0.00325238
0.00252145
0.00347127
0.00590626
0.00307416
0.00225506
0.0023724
0.00215508
0.00312409
0.00305963
0.00332563
0.00240039
0.00660947
0.00248827
0.00259909
0.00224223
0.00277519
0.00260059
0.00278721
0.00257977
0.00274478
0.00260412
0.00251595
0.00257059
0.0023975
0.00233489
0.00244553
0.00273556
0.0024768
0.00236158
0.0023436
0.0024788
0.00281038
0.00295555
0.00326309
0.00255107
0.00285886
0.00218668
0.00306109
