0.00517554
0.00470042
0.00457396
0.00462137
0.00414825
0.00514521
0.00516045
0.00969848
0.00423422
0.00323671
0.00490724
0.00414693
0.0149231
0.00415147
0.00484617
0.00437899
0.00437071
0.00498849
0.00603813
0.0039515
0.00383102
0.00603813
0.0039515
0.00383102
0.00397493
0.00430351
0.00952753
0.00447125
0.00484544
0.00448673
0.00417346
0.00439156
0.0037047
0.00494791
0.00402814
0.00446573
0.00397818
0.00479367
0.004323
0.00483089
0.00524414
0.0050089
0.00444716
0.00431961
0.00425545
0.00409443
0.00907411
0.00471685
0.00520803
0.00701872
0.0044378
0.00754788
0.00521626
0.00658641
0.00489003
0.00524749
0.00498538
0.00518641
0.00453275
0.00470519
0.00478973
0.00503181
0.00556844
0.0049774
0.00453442
0.00413269
0.00483016
0.00524345
0.00414801
0.00465418
0.00372954
0.00653256
0.00534005
0.00414801
0.00465418
0.00372954
0.00653256
0.00534005
0.00575262
0.00534952
0.00432053
0.00417073
0.00478358
0.00563026
0.00398022
0.00548091
0.0061874
0.0058795
0.00426138
0.00775643
0.00426158
0.00564476
0.00402341
0.00452278
0.00444708
0.0043221
0.00609114
0.00421016
0.00484346
0.00491497
0.00595036
0.00484346
0.00507148
0.00560814
0.00557901
0.0063038
0.00589185
0.00533717
0.00588899
0.00586607
0.00492192
0.00624738
0.00662384
0.00480201
0.00513616
0.00479239
0.00540783
0.00460676
0.00477248
0.00523851
0.00555435
0.00597832
0.00561832
0.00535971
0.00407523
0.00496362
0.00978556
0.00392492
0.00450684
0.00517818
0.00495902
0.00399228
0.00498992
0.00557429
0.00609635
0.00510064
0.00457027
0.00609635
0.00510064
0.00592933
0.0049086
0.00529929
0.0135421
0.0161089
0.00506723
0.00518898
0.00392492
0.00619555
0.00628875
0.0146927
0.00392492
0.00638726
0.00495791
0.00412888
0.00489476
0.00456818
0.00444894
0.00463291
0.00397716
0.00420474
0.00453289
0.00497372
0.00565585
0.00515289
0.00523485
0.00535098
0.00542919
0.00473612
0.00499834
0.00514188
0.00510039
0.00486812
0.00524186
0.00410643
0.00507554
0.00418973
0.00545737
0.00508251
0.00404801
0.00408889
0.0051182
0.00523806
0.0044608
0.00418315
0.00441069
0.00404674
0.00565763
0.00981329
0.00563686
0.00484913
0.00471108
0.00562271
0.00462592
0.00516505
0.00471108
0.00497027
0.00476913
0.0044434
0.00469756
0.00538436
0.00413349
0.00436736
0.00475642
0.00405876
0.00474402
0.00827289
0.00432359
0.00441069
0.00404674
0.00400903
0.0049189
0.00572377
0.00680516
0.00503143
0.00425571
0.00829799
0.00637669
0.00500557
0.0042117
0.00535664
0.00416356
0.00476724
0.00607589
0.00501872
0.00515443
0.00404354
0.00527917
0.00423815
0.00438739
0.00533573
0.00487969
0.00518964
0.00579328
0.0055782
0.00577817
0.00435431
0.00952689
0.00533352
0.00512793
0.00522511
0.00601386
0.00476834
0.00434162
0.00463212
0.00533321
0.00548882
0.00499794
0.00412849
0.00496331
0.00441417
0.00961024
0.0057076
0.00453801
0.00461842
0.00476157
0.00427452
0.00568278
0.00482341
0.00444252
0.00492828
0.00387623
0.00426107
0.00573573
0.00414451
0.00558983
0.00435093
0.00407822
0.00395734
0.00456597
0.00408426
0.00409388
0.00439405
0.00567382
0.00439405
0.00567382
0.00625794
0.00426141
0.0056925
0.00341472
0.00558651
0.00651541
0.0161557
0.00429029
0.00454492
0.00795945
0.00498654
0.00462612
0.00503691
0.00436126
0.00437512
0.00423463
0.00451064
0.00792441
0.0043639
0.00558145
0.00421546
0.00446796
0.00440766
0.00363384
0.0049749
0.00767567
0.00458518
0.00467391
0.00521517
0.00500583
0.00536491
0.00546015
0.00480662
0.00574584
0.00501501
0.0047025
0.00588428
0.00567353
0.00548717
0.00541003
0.0053174
0.00475824
0.0045736
0.00586958
0.00483294
0.00543449
0.00593019
0.00530061
0.0053227
0.0044952
0.00474067
0.00524721
0.0053277
0.00589131
0.00728123
0.00455333
0.00586228
0.00527692
0.00461946
0.00444892
0.00516127
0.00463339
0.00562647
0.00645703
0.00554511
0.00412285
0.00510702
0.00395552
0.00599474
0.00640042
0.005611
0.00508814
0.0058002
0.0106049
0.00556938
0.00490528
0.00941171
0.0046174
0.00682947
0.00473366
0.00463402
0.00412475
0.00449829
0.00448099
0.00421144
0.00484816
0.00472113
0.00437849
0.00533966
0.0059836
0.00454053
0.00573042
0.00425858
0.00549983
0.004604
0.00439026
0.00501289
0.00391603
0.00457931
0.0047153
0.00391673
0.0038974
0.00784423
0.00398001
0.00444315
0.00554566
0.00485025
0.00554456
0.00545737
0.00436752
0.00413964
0.00392601
0.00530223
0.0047126
0.00451479
0.00373267
0.00562005
0.00500462
0.00530492
0.00989987
0.00497436
0.00676334
0.00516636
0.00502045
0.00604765
0.00494941
0.0046404
0.00524019
0.005026
0.00523576
0.00478108
0.00526937
0.00460263
0.00497063
0.00512796
0.00527511
0.00478108
0.00526937
0.00460263
0.00497063
0.00521512
0.00554661
0.00572937
0.00526937
0.00460263
0.00497063
0.00405515
0.00400142
0.00479284
0.00438537
0.00377341
0.00409484
0.00415486
0.00419015
0.00398208
0.00495602
0.00336604
0.00409383
0.00405515
0.00452056
0.00479284
0.00548701
0.00479547
0.0112209
0.011496
0.0120365
0.00360347
0.00444601
0.0121235
0.00350601
0.00483145
0.00430403
0.00472943
0.00473419
0.003783
0.00392735
0.00455446
0.0112614
0.00455446
0.0112614
0.00756223
0.00431362
0.0051636
0.00500969
0.00479763
0.0126214
0.00531112
0.0104272
0.00430431
0.00559406
0.00516466
0.00548495
0.00643626
0.00481524
0.00456068
0.00432744
0.00463559
0.00521275
0.0046494
0.00442641
0.00475114
0.00625209
0.00396341
0.00465265
0.00504052
0.00428293
0.00432082
0.0048285
0.0054533
0.00561797
0.00423671
0.00522504
0.0045374
0.00419134
0.00479004
0.0048285
0.00457574
0.00600506
0.00465921
0.00490424
0.00480543
0.00566557
0.00454833
0.00494579
0.00399159
0.00457766
0.00590401
0.00460654
0.00432833
0.0048285
0.00530625
0.00552944
0.00402908
0.00519866
0.00388847
0.00435101
0.00542972
0.00393082
0.00453243
0.00408653
0.00393576
0.00464147
0.00460737
0.00394029
0.00426622
0.00491252
0.00375408
0.00469113
0.00474254
0.00447526
0.00396916
0.00539172
0.00418481
0.00477372
0.00407592
0.00420295
0.00434599
0.00391616
0.00372527
0.00380788
0.00437225
0.00453468
0.00428344
0.00426348
0.00418481
0.00477372
0.00547085
0.00501594
0.00385979
0.004298
0.00547085
0.00501594
0.00385979
0.004298
0.00543611
0.00515458
0.00491429
0.00444029
0.00481137
0.00461383
0.0050217
0.00425076
0.00473403
0.00415265
0.00550946
0.00469913
0.0040475
0.00532361
0.0051065
0.00595381
0.00572102
0.00449324
0.00445651
0.00570732
0.00575768
0.00520354
0.00538185
0.00478127
0.00558239
0.00524769
0.00477547
0.00546245
0.00411434
0.00548803
0.00492481
0.00601241
0.00647922
0.00448827
0.00517519
0.00484679
0.00455224
0.00418094
0.00552255
0.00499818
0.00428178
0.00445247
0.00451733
0.00404824
0.00453612
0.00386146
0.0045088
0.00420623
0.00462753
0.00462496
0.0048764
0.00393155
0.00474373
0.00511217
0.00375232
0.00388225
0.0039202
0.00498045
0.00408728
0.00416807
0.00398553
0.00401777
0.00507304
0.00397679
0.00456463
0.00411376
0.00436457
0.00544944
0.00408579
0.00514426
0.00461012
0.00357516
0.00478043
0.00468195
0.00426012
0.00379388
0.00787307
0.00366803
0.00458608
0.00534883
0.00480162
0.00445281
0.00429563
0.00499646
0.00426495
0.00398221
0.00444494
0.00386633
0.00431427
0.00401447
0.00458042
0.00426997
0.00407803
0.0043665
0.00375913
0.00382129
0.00470139
0.00408976
0.00417607
0.00366571
0.00454985
0.00642973
0.00368496
0.00366719
0.00427412
0.00357355
0.00382048
0.00368879
0.00369993
0.00381262
0.00457758
0.00376127
0.0034899
0.00392964
0.00391032
0.00369404
0.00381253
0.00439364
0.00421141
0.00439364
0.00421141
0.00426173
0.00439799
0.00475539
0.00496731
0.00542084
0.00432781
0.00487692
0.00654993
0.00424548
0.00724625
0.00402887
0.00513364
0.00502659
0.00894937
0.00507845
0.00456174
0.00441631
0.00547844
0.00849995
0.00728582
0.00563755
0.00522927
0.00473285
0.00544021
0.00477792
0.00509643
0.00508736
0.00497574
0.00582343
0.00485691
0.00663181
0.00485375
0.00529239
0.00509132
0.00506004
0.00477481
0.00542391
0.00588769
0.00522417
0.00445628
0.00465245
0.00535471
0.00452744
0.0057696
0.00413515
0.00520554
0.00413515
0.00571265
0.0133923
0.00580336
0.00752461
0.00521946
0.00541842
0.00710887
0.00527763
0.00467431
0.00490133
0.004352
0.0044781
0.00521617
0.00485884
0.00505637
0.00486338
0.00484342
0.0057189
0.00600641
0.00482322
0.00485844
0.00441703
0.00503863
0.00490442
0.00501515
0.00564854
0.00589703
0.0053834
0.00558523
0.00409198
0.00458911
0.00516332
0.00609616
0.00407795
0.00453636
0.00798369
0.00517353
0.00470114
0.00403372
0.0047166
0.00431267
0.00626345
0.00459672
0.00736862
0.0100974
0.00461328
0.00475853
0.00502522
0.00522186
0.00440796
0.00478534
0.00420775
0.0046769
0.00364651
0.00452942
0.00497443
0.00500061
0.00750686
0.00470691
0.00528393
0.00336543
0.00491382
0.00428873
0.00461965
0.0043537
0.0053638
0.00485634
0.0047936
0.00655746
0.00898141
0.00395477
0.00561249
0.00506536
0.00488709
0.00414656
0.00499784
0.00478973
0.00512066
0.00611718
0.00429671
0.00521705
0.00412629
0.00515213
0.0044646
0.00389465
0.00482497
0.00487391
0.00454609
0.00387854
0.00370489
0.00346919
0.00397804
0.00406069
0.0154475
0.00429138
0.00425971
0.0152026
0.00404611
0.00419199
0.00432635
0.00418659
0.00494222
0.0044059
0.00416544
0.00378479
0.00465539
0.00403322
0.00526257
0.0036706
0.00371622
0.00402985
0.00437059
0.00362242
0.00471091
0.00454644
0.00413785
0.0042039
0.00398901
0.0038884
0.00522109
0.00377115
0.00442894
0.00445076
0.00464364
0.00617953
0.00425632
0.00505549
0.00443291
0.00398901
0.0038884
0.00522109
0.00377115
0.00442894
0.00445076
0.00464364
0.00617953
0.00425632
0.00505549
0.00443291
0.00447942
0.00450805
0.00447327
0.00841203
0.00487938
0.00373083
0.0044135
0.00507888
0.00427034
0.00427985
0.00452035
0.00468477
0.00518171
0.00476146
0.00432808
0.00433972
0.00651661
0.00634505
0.00462131
0.00466153
0.00428029
0.00471732
0.00418682
0.00441267
0.00455601
0.00710851
0.00607488
0.00456533
0.00513528
0.00578557
0.00510992
0.00484362
0.00732949
0.00604538
0.00519935
0.00492643
0.00434746
0.00490849
0.004493
0.00464006
0.00489023
0.00416252
0.00441186
0.00421034
0.00452817
0.00409758
0.00494612
0.00442806
0.00462629
0.00414642
0.00394527
0.00436879
0.00515488
0.00461401
0.00483835
0.00480501
0.00483835
0.00471812
0.00487866
0.00461155
0.00406388
0.00408837
0.00399403
0.00454674
0.00610255
0.00521338
0.00396373
0.00362544
0.0038057
0.00528392
0.0044799
0.00491986
0.00418309
0.00472747
0.00356816
0.00433398
0.0042867
0.0047398
0.00508716
0.00450605
0.00490439
0.00581853
0.00425068
0.00365271
0.00407247
0.00429769
0.00473789
0.00478912
0.00381368
0.00394239
0.00339236
0.00424464
0.00465578
0.00449694
0.00663935
0.00377334
0.00663935
0.00521769
0.00433423
0.00460213
0.00424342
0.010681
0.00543222
0.00567735
0.00598343
0.00363548
0.010137
0.00696747
0.00418714
0.00511105
0.00403678
0.00423021
0.00422911
0.00387984
0.00472764
0.00468522
0.00550516
0.00513314
0.00416092
0.0108433
0.0214014
0.0102715
0.00397746
0.00429056
0.00429242
0.0038953
0.00420127
0.00542746
0.00465837
0.00694535
0.00435911
0.0040991
0.00649467
0.00476816
0.0043587
0.00507524
0.00389214
0.00426871
0.00513034
0.00457232
0.00433967
0.00526515
0.0103989
0.00757259
