0.00279431
0.00264206
0.00365473
0.00319885
0.00319885
0.00245976
0.00289687
0.00243821
0.0030694
0.00291746
0.00291746
0.00247437
0.00247251
0.00319885
0.00261841
0.00247368
0.00319885
0.00319885
0.00319885
0.00319885
0.00321021
0.00291746
0.00262516
0.00319885
0.00288398
0.00245976
0.002658
0.00300813
0.00243821
0.00291746
0.00297761
0.00301342
0.00263368
0.00309994
0.00309994
0.00252579
0.00267395
0.0025597
0.00261872
0.0025597
0.00286879
0.0026315
0.00286879
0.00278381
0.00261192
0.00301665
0.00297837
0.0025861
0.00276379
0.00252579
0.0025861
0.00306722
0.0025856
0.00276379
0.00253865
0.00261856
0.00328264
0.00340687
0.00309994
0.00254987
0.00269633
0.00281964
0.0030546
0.00298746
0.00312169
0.00310478
0.0030546
0.00310478
0.00251935
0.00798211
0.0035852
0.00405598
0.00274011
0.00289104
0.00304593
0.00283841
0.00301002
0.00251935
0.00285121
0.00430025
0.002573
0.00283504
0.00335666
0.00310957
0.00348227
0.00384044
0.0028913
0.00298037
0.00349869
0.0039082
0.00396725
0.00396725
0.00396725
0.00309365
0.00396725
0.00396725
0.00396725
0.00396725
0.00396725
0.00384044
0.00396725
0.00391742
0.00344839
0.00396725
0.00396725
0.00396725
0.00396725
0.00396725
0.0059283
0.00248977
0.00337783
0.00294054
0.00250788
0.00300726
0.00251142
0.00260913
0.00281036
0.00260913
0.00250742
0.00281036
0.00306572
0.00271148
0.00250788
0.00267365
0.00260935
0.0028367
0.00267836
0.0027577
0.00260913
0.00294054
0.00245053
0.00300703
0.00255823
0.00255984
0.00244396
0.00268642
0.00250921
0.00301569
0.00252685
0.00313772
0.006779
0.00301584
0.00250937
0.00296981
0.00326963
0.00373134
0.0032887
0.0040831
0.0032887
0.00287286
0.00337435
0.00257864
0.00862146
0.00268129
0.00250748
0.00259285
0.0024437
0.0027084
0.0025077
0.00258721
0.0025268
0.00259285
0.00332604
0.00255848
0.00259213
0.00284242
0.00254937
0.00303765
0.00787436
0.0026429
0.00286707
0.0025477
0.00314044
0.00314044
0.00298319
0.00304731
0.00259976
0.00259215
0.00268217
0.00278788
0.00261844
0.0025744
0.00314044
0.00283819
0.00247938
0.00262624
0.00299223
0.00246889
0.00275627
0.0023996
0.00246251
0.00532095
0.00256001
0.00277843
0.00248221
0.00281445
0.00267117
0.00254263
0.00251625
0.00269562
0.0031502
0.00262624
0.0025499
0.002531
0.00300332
0.00282483
0.00245791
0.00279479
0.00288115
0.00288115
0.00280803
0.00276291
0.00280803
0.00299212
0.00299212
0.00349657
0.00271996
0.00336232
0.00336232
0.00336232
0.00317699
0.00271996
0.00263953
0.00250979
0.00308721
0.00299671
0.00324238
0.00256851
0.00292416
0.00295448
0.00315682
0.00284078
0.00278313
0.00278313
0.00278313
0.00278313
0.00278313
0.00278313
0.00278313
0.00335547
0.00335547
0.00391471
0.00278313
0.00329907
0.00278313
0.00288456
0.00324682
0.00328767
0.00329907
0.00335547
0.00335547
0.00290128
0.00290128
0.00290128
0.00284078
0.00290128
0.00350677
0.00335547
0.00306524
0.00329907
0.00283246
0.00304671
0.00261661
0.00283202
0.00323601
0.00345057
0.00345057
0.00307511
0.00258154
0.00295073
0.0025578
0.00345057
0.00300179
0.00254154
0.00307511
0.00263493
0.00276051
0.0025382
0.00307511
0.00345057
0.00289768
0.00258661
0.00345057
0.00276051
0.00323601
0.00308749
0.00261661
0.0032581
0.00281099
0.0025382
0.00434969
0.00285024
0.0036927
0.00809224
0.00267528
0.00306094
0.00256864
0.00362743
0.00299314
0.00265153
0.00254525
0.00405937
0.00320105
0.00253337
0.00289258
0.00313236
0.00307551
0.00471122
0.00319715
0.00319715
0.0039983
0.0030009
0.00270253
0.00319047
0.00311925
0.00294737
0.00250406
0.00309902
0.00349103
0.00315698
0.00315698
0.00255621
0.00288672
0.00248964
0.00248964
0.00296072
0.00277249
0.00259502
0.00247191
0.00296865
0.00257579
0.00265716
0.00253575
0.00717311
0.00264724
0.00252952
0.00306922
0.0030689
0.00306922
0.00306922
0.0030692
0.00287195
0.00313954
0.00247673
0.00263638
0.00258151
0.00258151
0.00251284
0.00309759
0.0024612
0.00294563
0.00249875
0.00250467
0.00248202
0.00303444
0.00252073
0.00249875
0.00248202
0.00264483
0.00253347
0.00300402
0.00313967
0.00308115
0.00249936
0.00299215
0.00260021
0.00278427
0.00259252
0.00260021
0.00337485
0.0032063
0.00265119
0.00276614
0.00279573
0.00349707
0.0103241
0.00268809
0.00291444
0.00314446
0.00264637
0.00313892
0.00360035
0.00278214
0.00271243
0.00277887
0.00252939
0.00257405
0.00268065
0.0032355
0.00272378
0.00355717
0.00310869
0.00556681
0.00277943
0.00284619
0.00256642
0.00297531
0.00351548
0.00309067
0.00249475
0.00332741
0.00313892
0.00264574
0.00330087
0.00311672
0.00373316
0.00264454
0.00262239
0.00301155
0.00326155
0.00272404
0.0027379
0.0026904
0.00356038
0.00349835
0.00378139
0.00341139
0.00406019
0.00406019
0.00386175
0.00406019
0.00299702
0.00349835
0.00312128
0.00349835
0.00295196
0.00349835
0.00349835
0.00269756
0.00349835
0.00406019
0.00349835
0.00293044
0.00253112
0.0024761
0.0025816
0.00262448
0.00256944
0.00261503
0.00253032
0.0030924
0.00334823
0.00253212
0.00278747
0.00324038
0.0028575
0.00441847
0.00324952
0.00440769
0.00284202
0.00320385
0.0026928
0.0026494
0.00271893
0.00308335
0.00320385
0.00308335
0.00344389
0.00308335
0.002866
0.0031819
0.0029477
0.00362425
0.00362425
0.00309257
0.00309257
0.00309257
0.00450039
0.00368358
0.00307189
0.00314281
0.00325536
0.00325536
0.00314281
0.00282002
0.00325536
0.00246662
0.00250328
0.00250328
0.00250328
0.00246576
0.00304641
0.00266291
0.00339375
0.00290995
0.00302742
0.00417696
0.00261308
0.0030875
0.00313208
0.0030875
0.00276323
0.00284922
0.00261308
0.0025704
0.0025704
0.00314367
0.00309711
0.00309711
0.00326848
0.00324373
0.00326848
0.0029375
0.00326848
0.00255985
0.00315703
0.00325295
0.00309558
0.00309558
0.00315703
0.00315703
0.00292519
0.00273591
0.00265093
0.00275273
0.00275573
0.00275608
0.00262673
0.00288799
0.00289197
0.00260688
0.0031206
0.00256011
0.00270527
0.00244619
0.0023766
0.00246407
0.00284765
0.0026533
0.00326963
0.00296272
0.00397751
0.00251345
0.00277154
0.00266777
0.00261285
0.00269805
0.00395874
0.00286513
0.00319711
0.00270382
0.00290935
0.00253792
0.00269816
0.00257713
0.00251638
0.00251638
0.00297413
0.00246155
0.00246297
0.00284765
0.00262546
0.00257713
0.00256536
0.00251638
0.00254968
0.00313449
0.00356614
0.00253307
0.00266397
0.00272111
0.002836
0.00273867
0.00304706
0.00328226
0.00279968
0.00304706
0.00384737
0.00294107
0.00356614
0.00353046
0.00313449
0.00282817
0.00266397
0.00351478
0.00353046
0.00287273
0.00274494
0.00266397
0.00373752
0.00304706
0.00290685
0.00273488
0.00313449
0.00282817
0.00282817
0.00254535
0.00508031
0.00266227
0.00254535
0.00282271
0.002589
0.00277704
0.00259258
0.00299136
0.00282271
0.00254719
0.00251935
0.00283841
0.00333976
0.0030568
0.0029363
0.0029363
0.00300721
0.00263564
0.00245695
0.0025088
0.00252953
0.00252642
0.00251585
0.0025293
0.00264543
0.0024754
0.00256348
0.00253213
0.00240925
0.0024754
0.00246644
0.00258963
0.00252737
0.00249695
0.00259101
0.00257398
0.00259648
0.00336226
0.00306129
0.00760119
0.00251585
0.00251585
0.00272566
0.00297383
0.00271023
0.00287065
0.00298574
0.00298574
0.00257426
0.0028294
0.00249064
0.00259316
0.00262058
0.00302878
0.00250802
0.00288777
0.00254244
0.00290591
0.0025265
0.00262514
0.00332078
0.00321335
0.00304525
0.00239616
0.00252735
0.00260375
0.00250284
0.0026213
0.00257118
0.00267843
0.00249195
0.00287549
0.00251735
0.00252855
0.00264931
0.00253681
0.00264931
0.00257138
0.0025265
0.00655543
0.00262902
0.00291764
0.00314802
0.0025601
0.00251966
0.00244932
0.00254194
0.00301528
0.00252339
0.00270862
0.00254194
0.0025601
0.00258412
0.00247159
0.00256221
0.00314942
0.00244026
0.00304627
0.00261499
0.0025288
0.00301528
0.00255207
0.00255129
0.00255207
0.00252255
0.00442765
0.00257788
0.00271866
0.00250237
0.00258511
0.0027171
0.0026114
0.00258413
0.00292598
0.00290769
0.0027606
0.003312
0.00278466
0.00291039
0.00249083
0.00263946
0.00268311
0.00274264
0.00287756
0.00303222
0.0028852
0.00303222
0.00332693
0.00303222
0.00294043
0.00285077
0.00287756
0.00293511
0.00312408
0.00251991
0.00555639
0.00262521
0.0033484
0.00504516
0.00358624
0.00298983
0.00333946
0.00454352
0.00249544
0.00317865
0.00253031
0.00253031
0.00254543
0.00247288
0.00358624
0.00291207
0.00257602
0.00251607
0.00250358
0.00264474
0.00252627
0.00259904
0.00250358
0.00249635
0.00254177
0.00249635
0.00250358
0.00249635
0.00257602
0.00257602
0.00544561
0.00625343
0.00270317
0.00370309
0.00273864
0.00261809
0.00259018
0.00254681
0.00254063
0.00245943
0.0025716
0.00375073
0.0025716
0.00258693
0.00322181
0.00374081
0.00270317
0.00245311
0.00270319
0.00266373
0.00278811
0.00238874
0.00258316
0.00298563
0.00323899
0.00334567
0.00336488
0.0032859
0.00280874
0.0031091
0.00313159
0.00254791
0.00256244
0.00240817
0.00282903
0.00247968
0.00334567
0.0024285
0.00244883
0.00254734
0.00253438
0.00257917
0.00342066
0.00241026
0.00254461
0.00253769
0.0023885
0.00268588
0.00348211
0.00256543
0.00263016
0.00270232
0.00260371
0.00263016
0.00248565
0.00307277
0.00317943
0.00327431
0.00327431
0.00317943
0.00281725
0.00327431
0.00257387
0.00257387
0.00257387
0.00317943
0.00253237
0.00317943
0.00307277
0.00255184
0.00301673
0.00258296
0.00307277
0.00256662
0.00307277
0.00245802
0.00263071
0.0029926
0.00272848
0.00336934
0.00260036
0.00257102
0.00367018
0.00339202
0.00278418
0.00278165
0.00256547
0.00263071
0.00273743
0.00280184
0.00299677
0.00283828
0.00264888
0.00263234
0.00283294
0.00276219
0.00277685
0.00282202
0.0028493
0.00271166
0.00294138
0.0100124
0.00348325
0.00304921
0.00299617
0.00293047
0.00314928
0.00314928
0.00275344
0.00251246
0.00266822
0.00266833
0.0026511
0.00242866
0.00370146
0.00261525
0.00256255
0.00390644
0.00272886
0.00352813
0.00279872
0.00279872
0.0033084
0.00279872
0.00267269
0.00275542
0.00286516
0.00256454
0.00253033
0.00246775
0.0031407
0.00258236
0.00305539
0.00258236
0.00372577
0.00260889
0.00260644
0.0027325
0.00253319
0.00280285
0.00282026
0.00256366
0.00293711
0.00282026
0.00256366
0.00308255
0.00281873
0.00354248
0.00278699
0.00251491
0.00424345
0.00268858
0.00251559
0.00255954
0.00279028
0.00253943
0.00311777
0.00299728
0.00267249
0.00279743
0.00271419
0.00272895
0.00255585
0.00273659
0.0030901
0.00327518
0.00294261
0.00283579
0.00248351
0.00314317
0.00314915
0.00272821
0.00348344
0.00289644
0.00284298
0.00254517
0.00308913
0.00251622
0.00246428
0.00259584
0.00255224
0.00246428
0.00274328
0.0025583
0.00248351
0.00299395
0.00278957
0.00264155
0.00279662
0.00265626
0.00255683
0.00265055
0.00269844
0.00285892
0.00309087
0.00316403
0.00340354
0.00269172
0.00305967
0.00283034
0.00254336
0.00260695
0.00258172
0.00302026
0.00302026
0.00260607
0.00282257
0.00291162
0.0026444
0.00300806
0.00285732
0.00262155
0.00578731
0.00285989
0.00250798
0.00253855
0.00255716
0.00262155
0.00395124
0.00307108
0.00253855
0.00431897
0.00274132
0.0025036
0.00265785
0.00364543
0.00352643
0.00310565
0.00352643
0.00328661
0.00378789
0.00352643
0.00352643
0.00315742
0.00315742
0.00282736
0.00249084
0.00272579
0.00290516
0.00289072
0.00274965
0.00279793
0.00255146
0.00468009
0.00282107
0.00265351
0.00245045
0.00264685
