0.0273864
0.0128129
0.014085
0.00974762
0.0170672
0.0155768
0.0109844
0.0105251
0.0126308
0.0105761
0.0100095
0.0400832
0.0103107
0.0105251
0.00962183
0.0103643
0.0105703
0.0167716
0.0103523
0.012319
0.0140395
0.00975532
0.0147287
0.0156071
0.0153837
0.0132108
0.0204388
0.0126914
0.00955654
0.0122587
0.0202079
0.0316098
0.0171442
0.00876287
0.0123311
0.0122171
0.013099
0.0108474
0.0117232
0.0112861
0.010103
0.00899136
0.0143041
0.0119014
0.0105416
0.0143041
0.0119014
0.0109786
0.0143041
0.0119014
0.0111404
0.0143041
0.0119014
0.00855803
0.0143041
0.0119014
0.00763845
0.0143041
0.0119014
0.0102633
0.0143041
0.0119014
0.00975806
0.0133605
0.014414
0.0216283
0.0198113
0.0151361
0.00943875
0.0144603
0.0132899
0.0169308
0.0109255
0.0215396
0.0141119
0.0210884
0.0149198
0.0169533
0.0148539
0.0205629
0.01264
0.0158355
0.0123301
0.0203279
0.011404
0.00823512
0.0100856
0.0200729
0.00838257
0.0206408
0.0138562
0.011404
0.0118873
0.0119252
0.00803603
0.00910529
0.00859313
0.00893728
0.00807631
0.011404
0.00822892
0.0121847
0.00909829
0.00762722
0.00895149
0.0259398
0.0191606
0.0118695
0.0090219
0.0273561
0.00840316
0.0100656
0.0108077
0.00875248
0.0116163
0.0077735
0.0115076
0.00853514
0.0101542
0.00942256
0.00790899
0.007798
0.00934798
0.00647468
0.0077228
0.0203196
0.00675506
0.00728453
0.00746641
0.0083975
0.00895561
0.00762165
0.00801378
0.00650866
0.0219691
0.0156958
0.0189649
0.0101224
0.00833764
0.00823869
0.00707779
0.0085103
0.00952684
0.00926077
0.00788757
0.00717024
0.00870084
0.0153597
0.00581063
0.0154557
0.00780465
0.00906479
0.0237734
0.0081565
0.00785696
0.0139455
0.0182271
0.00881716
0.0187992
0.0127956
0.00742635
0.0434313
0.0261392
0.019599
0.00943857
0.00654768
0.016157
0.00818244
0.00796837
0.00771906
0.00809382
0.00857926
0.01024
0.00949135
0.00926812
0.00987102
0.00953537
0.0102395
0.00840352
0.0166428
0.0078024
0.00823695
0.00949944
0.00814111
0.0085246
0.00764161
0.0103936
0.00735569
0.0094043
0.00995979
0.00956469
0.0182646
0.0373171
0.0128034
0.0117213
0.0141933
0.0100046
0.0119454
0.0111941
0.0118781
0.0087755
0.0108697
0.0102281
0.0124563
0.00821748
0.0104719
0.00883292
0.0127785
0.0105464
0.0128169
0.00951983
0.0108213
0.0134977
0.0112195
0.0112552
0.0137118
0.0110142
0.0112591
0.00987705
0.0111667
0.00977525
0.0108965
0.0108965
0.0129481
0.0129481
0.0129481
0.0129481
0.0129481
0.0144527
0.0115037
0.0119435
0.0170449
0.0133165
0.0131277
0.0139255
0.0132196
0.0234232
0.011789
0.0201303
0.0124003
0.0135823
0.0133608
0.0129204
0.0138374
0.0122541
0.0127248
0.0135823
0.0145861
0.0128786
0.0130403
0.0141612
0.0124681
0.00844032
0.00834373
0.00861599
0.00829025
0.0122629
0.00870883
0.00844032
0.00708339
0.00810888
0.00829025
0.00826725
0.007513
0.0102145
0.011211
0.00920204
0.00967108
0.00903397
0.00856439
0.00831308
0.00840249
0.00867008
0.0085391
0.0101103
0.0122629
0.00794915
0.0189615
0.00873043
0.0357603
0.0122629
0.0120219
0.0140988
0.0105728
0.00943237
0.00955433
0.0126118
0.013068
0.0127206
0.0127206
0.0127206
0.012162
0.00941829
0.00867569
0.00869074
0.00810349
0.00990517
0.00900715
0.0109986
0.00935171
0.0104267
0.00911825
0.0103137
0.00865597
0.0116258
0.0085679
0.00928425
0.00810035
0.00843445
0.00851427
0.00939584
0.00938012
0.00892817
0.0100957
0.0105507
0.0119908
0.00946342
0.014537
0.0103684
0.00940647
0.00964353
0.00977944
0.00827222
0.010161
0.014096
0.0111986
0.00973399
0.0141826
0.0101358
0.0132222
0.00700956
0.00666342
0.00841669
0.0810079
0.0336348
0.0354757
0.00819479
0.023257
0.00758391
0.0119249
0.00743923
0.0115497
0.0111386
0.01705
0.0145685
0.00787526
0.0149155
0.00735889
0.0104798
0.0109467
0.0118145
0.0112854
0.0105146
0.0119773
0.010821
0.0166168
0.00915615
0.0109346
0.0111964
0.0114537
0.0110182
0.0147564
0.0101014
0.0111272
0.0152076
0.0105883
0.028251
0.00994668
0.0135127
0.0195634
0.00975713
0.019484
0.0138232
0.0324249
0.00965782
0.00889365
0.0113045
0.0182735
0.0190861
0.0104432
0.0108251
0.00977789
0.0108911
0.00988626
0.017053
0.0183443
0.0103074
0.0101939
0.00992405
0.013294
0.0119287
0.00885284
0.0151414
0.0132471
0.0125502
0.0129469
0.0183443
0.0177583
0.0129676
0.0545611
0.0170657
0.0238579
0.017938
0.0323785
0.0124596
0.023205
0.0194735
0.00741277
0.0506614
0.0328949
0.0152306
0.0165808
0.0218697
0.0102417
0.0206576
0.00998679
0.0104257
0.00976364
0.0127518
0.0100051
0.0103749
0.00901261
0.0101537
0.0156065
0.0208833
0.0092248
0.0119725
0.00781792
0.00917767
0.00977886
0.0103098
0.0119516
0.0152167
0.0124994
0.0103256
0.0114514
0.0173153
0.00809805
0.0115829
0.0122843
0.0099854
0.00921303
0.00934053
0.00843411
0.0193261
0.0146887
0.00980437
0.00835689
0.0083563
0.0097998
0.00856749
0.0176473
0.0146818
0.0141538
0.00815242
0.00822863
0.0183
0.0135298
0.0132282
0.00966916
0.0113583
0.0116159
0.011006
0.0200483
0.0232322
0.00929027
0.0122597
0.0146409
0.00894338
0.0362122
0.0259916
0.0115614
0.00870729
0.012149
0.0186062
0.0189412
0.029414
0.0185784
0.0203816
0.021723
0.0195459
0.021723
0.0162203
0.012886
0.021723
0.021723
0.0207228
0.0223521
0.0198599
0.0210225
0.0135549
0.0146637
0.0153272
0.0197307
0.0148413
0.0156669
0.0192716
0.0155895
0.0116318
0.0142763
0.014369
0.0240552
0.0290189
0.0246803
0.0160552
0.00863259
0.0171498
0.0102656
0.00897322
0.011151
0.00901589
0.0084493
0.00958747
0.0120822
0.0101331
0.00895614
0.0115384
0.00871029
0.0072674
0.0110638
0.0198541
0.0114913
0.0136251
0.00752583
0.0123643
0.012426
0.011644
0.00852141
0.00963184
0.0123233
0.0104212
0.0101573
0.0120848
0.0129127
0.0101457
0.0200331
0.0194156
0.0159153
0.00932083
0.00870742
0.00625051
0.0222501
0.00822804
0.0223902
0.0096923
0.0119054
0.0223902
0.0109444
0.00845986
0.00855666
0.00722308
0.00889289
0.0094087
0.0125337
0.00802722
0.0283213
0.0181847
0.00808517
0.0110686
0.0118729
0.00738347
0.0137097
0.00832119
0.0155145
0.00948187
0.00927237
0.00935072
0.0112206
0.00899645
0.0108869
0.00996659
0.0108995
0.0128152
0.0102551
0.00959452
0.00904736
0.0103157
0.0116247
0.0110434
0.010613
0.0115275
0.0154947
0.00992614
0.0123548
0.0223521
0.0104469
0.0109882
0.0101535
0.0120194
0.00955633
0.0118327
0.00993057
0.0105868
0.0142901
0.00880603
0.0346195
0.00774885
0.0258453
0.0110379
0.0139923
0.0181429
0.0116822
0.01707
0.0204551
0.0280471
0.00801268
0.0103822
0.0141651
0.0134819
0.0111873
0.0118478
0.0122135
0.010102
0.0142944
0.0122983
0.0140963
0.0137908
0.00872795
0.0109945
0.0171173
0.0107709
0.0143707
0.0144444
0.0111598
0.00928553
0.00884876
0.0102399
0.0116234
0.0107542
0.0118333
0.0144011
0.00884876
0.00999784
0.0118648
0.0102399
0.0116234
0.0107542
0.00914001
0.0104717
0.0139211
0.0235083
0.00959042
0.0256937
0.0110776
0.00928329
0.00972351
0.0154004
0.00880801
0.0344171
0.00840624
0.0128178
0.00994634
0.00860481
0.00870294
0.0238685
0.0192793
0.02199
0.00996485
0.011147
0.011778
0.0114914
0.00974834
0.011259
0.0107283
0.00947571
0.0103514
0.00995272
0.0109968
0.0132633
0.0199282
0.0112752
0.0188926
0.0130847
0.00943137
0.0136212
0.0142254
0.0113744
0.0198617
0.0186626
0.00816816
0.00933266
0.0144332
0.0126621
0.0108776
0.0138427
0.00986003
0.00976192
0.0138427
0.0168606
0.0121658
0.00885353
0.00921998
0.0240154
0.00950028
0.00946569
0.0145657
0.0126614
0.012341
0.00946866
0.00876193
0.00811474
0.00807857
0.00678637
0.00976787
0.00875262
0.00989625
0.00989625
0.00941449
0.0265751
0.0153306
0.0118146
0.0119529
0.0139292
0.00908521
0.014086
0.01038
0.014086
0.0120764
0.0113682
0.0127538
0.0196553
0.0126847
0.0104839
0.0105554
0.014086
0.010075
0.0100445
0.014086
0.0131439
0.0106801
0.014086
0.0113396
0.014086
0.0224006
0.00833576
0.015417
0.0103891
0.0115973
0.0135508
0.00985467
0.0146041
0.0157111
0.00888255
0.00899096
0.0124567
0.0114302
0.0124567
0.0117091
0.0118732
0.0136239
0.0101243
0.00985467
0.0146041
0.0111675
0.0124334
0.0135878
0.00996444
0.0110097
0.0100212
0.00833816
0.0112131
0.015181
0.00933886
0.010112
0.0108738
0.0107878
0.011869
0.0121061
0.0139155
0.0123468
0.0178414
0.0183672
0.0107425
0.0101386
0.00751024
0.0150956
0.00948591
0.0301651
0.0111642
0.00976873
0.0203016
0.0111893
0.0117771
0.00909944
0.00948591
0.0301651
0.0111642
0.00976873
0.0196884
0.0112062
0.0114937
0.00886021
0.00757326
0.0117964
0.0088645
0.00810436
0.0241521
0.00886505
0.0130081
0.0130081
0.014471
0.0119192
0.0208317
0.0131758
0.0144534
0.0110467
0.011571
0.0119114
0.0207873
0.0269607
0.0119981
0.0142503
0.0133281
0.0126611
0.0144841
0.0141078
0.0129312
0.0133197
0.0125162
0.0140455
0.0121854
0.0120144
0.0130693
0.0136807
0.0139087
0.0384476
0.0139813
0.0116809
0.0155235
0.00958448
0.010251
0.00883306
0.00832747
0.00943677
0.0146148
0.00603461
0.0117611
0.00893295
0.0149026
0.00805181
0.0107979
0.0154538
0.00731842
0.00855029
0.00903337
0.0101403
0.0109182
0.00950129
0.00956037
0.00834351
0.00904196
0.00750864
0.00891892
0.0155213
0.0129865
0.00958978
0.00892801
0.00853584
0.0113283
0.0170342
0.0104477
0.00817723
0.0102905
0.00877141
0.0108503
0.00884754
0.00814137
0.0144834
0.00877141
0.00985738
0.0104248
0.0151579
0.0118763
0.0102608
0.0110339
0.0118163
0.00843487
0.0169042
0.00690229
0.00821253
0.0100579
0.00938196
0.0098122
0.0109147
0.0143004
0.00949989
0.0103101
0.00888983
0.0129529
0.0103294
0.0118134
0.0213007
0.0292309
0.0111181
0.0118406
0.00859598
0.0124633
0.0114466
0.0111202
0.015223
0.0148922
0.0147909
0.0420504
0.0131754
0.0197368
0.0255216
0.0235691
0.0116487
0.0251732
0.00959576
0.0105437
0.0106391
0.00874843
0.00954472
0.0090199
0.01064
0.0126195
0.0110903
0.0114364
0.0091252
0.0126131
0.0187947
0.0158582
0.0109167
0.0248551
0.029488
0.0189085
0.0192429
0.0103643
0.0115912
0.0101428
0.0125871
0.00841937
0.0087015
0.0107537
0.0109426
0.0117685
0.0207424
0.0175726
0.0119018
0.0128112
0.0114917
0.0103301
0.00959429
0.0115934
0.0111956
0.0100303
0.0117737
0.00998342
0.0161607
0.0356011
0.0126966
0.0133176
0.0470343
0.0182659
0.0138445
0.0114661
0.0119101
0.012558
0.0121318
0.0139361
0.0106835
0.0129378
0.0121493
0.0143146
0.0411623
0.0602352
0.0234262
0.0101015
0.0138669
0.0112462
0.0153933
0.0160817
0.0119065
0.012147
0.0122758
0.0146317
0.0122791
0.0113505
0.0124656
0.00634923
0.0106062
0.0124449
0.0106799
0.0150709
0.0129475
0.0117955
0.00832517
0.00860619
0.0117955
0.0117955
0.0121079
0.0111844
0.0111844
0.00882122
0.010822
0.0116039
0.0150709
0.0124205
0.0112375
