-0.998549
-0.998391
-0.998347
-0.997717
-0.997717
-0.998378
-0.998579
-0.998469
-0.997977
-0.998219
-0.998339
-0.99818
-0.998583
-0.997717
-0.997845
-0.998196
-0.997789
-0.997717
-0.997717
-0.997789
-0.998016
-0.99839
-0.997868
-0.997717
-0.997995
-0.99841
-0.998141
-0.998388
-0.998372
-0.998098
-0.998643
-0.99803
-0.99837
-0.997821
-0.997882
-0.997971
-0.998439
-0.998147
-0.998313
-0.997905
-0.998277
-0.998364
-0.998138
-0.998357
-0.997855
-0.99845
-0.997862
-0.998531
-0.998357
-0.99786
-0.998355
-0.998098
-0.997889
-0.998316
-0.998616
-0.998583
-0.998098
-0.997592
-0.997931
-0.998213
-0.998437
-0.998012
-0.997919
-0.997164
-0.997714
-0.997136
-0.99768
-0.997136
-0.998296
-0.995506
-0.997605
-0.997849
-0.998311
-0.998259
-0.997728
-0.997945
-0.998249
-0.997924
-0.99847
-0.997883
-0.998423
-0.998184
-0.998007
-0.998036
-0.997267
-0.99783
-0.997915
-0.998121
-0.998406
-0.998153
-0.997748
-0.997754
-0.997754
-0.99796
-0.997717
-0.997717
-0.997718
-0.997704
-0.997704
-0.997737
-0.997717
-0.998062
-0.998148
-0.997617
-0.997754
-0.997754
-0.997704
-0.997754
-0.997179
-0.998086
-0.997205
-0.997509
-0.997947
-0.997598
-0.997696
-0.997426
-0.997504
-0.997619
-0.997684
-0.997061
-0.997405
-0.998383
-0.997921
-0.997613
-0.998317
-0.998604
-0.998183
-0.998304
-0.997634
-0.997978
-0.997962
-0.998135
-0.998093
-0.998434
-0.997558
-0.997921
-0.997287
-0.997689
-0.998488
-0.998368
-0.997926
-0.998375
-0.99854
-0.998355
-0.99849
-0.99828
-0.998122
-0.99759
-0.998039
-0.998362
-0.998215
-0.998515
-0.997002
-0.998337
-0.998466
-0.998676
-0.998623
-0.998464
-0.99866
-0.998565
-0.998516
-0.998617
-0.998152
-0.997401
-0.998066
-0.998152
-0.997504
-0.998224
-0.995453
-0.997835
-0.997899
-0.998149
-0.997534
-0.997745
-0.998468
-0.99843
-0.998333
-0.998067
-0.998508
-0.998268
-0.998347
-0.998232
-0.997718
-0.998015
-0.99874
-0.998328
-0.998544
-0.998183
-0.998034
-0.998574
-0.998567
-0.997432
-0.998435
-0.997932
-0.998507
-0.998443
-0.998022
-0.998252
-0.998599
-0.998426
-0.997631
-0.998196
-0.998635
-0.99831
-0.997823
-0.998024
-0.998435
-0.998424
-0.99767
-0.997898
-0.997586
-0.998113
-0.998003
-0.997797
-0.997843
-0.99767
-0.997872
-0.997904
-0.998085
-0.997946
-0.997976
-0.997972
-0.998636
-0.998523
-0.998535
-0.998089
-0.998248
-0.998513
-0.998305
-0.9982
-0.998082
-0.99857
-0.998276
-0.99835
-0.998135
-0.99822
-0.998135
-0.998257
-0.998257
-0.998362
-0.998397
-0.997942
-0.998359
-0.998338
-0.998325
-0.998123
-0.99859
-0.998626
-0.998325
-0.998242
-0.99819
-0.998123
-0.99821
-0.998338
-0.998556
-0.998123
-0.998128
-0.99819
-0.998526
-0.998359
-0.998165
-0.998426
-0.997875
-0.998387
-0.998051
-0.996967
-0.997081
-0.997766
-0.997877
-0.998052
-0.998158
-0.996967
-0.997712
-0.997594
-0.997466
-0.99757
-0.997673
-0.998134
-0.997798
-0.996967
-0.99832
-0.997891
-0.996967
-0.997331
-0.997815
-0.998357
-0.997875
-0.998398
-0.99832
-0.997603
-0.998558
-0.998697
-0.998187
-0.997538
-0.99856
-0.998705
-0.998471
-0.998412
-0.998588
-0.998489
-0.998384
-0.998021
-0.99872
-0.998375
-0.998358
-0.998668
-0.998635
-0.998681
-0.998707
-0.998801
-0.998102
-0.998456
-0.998559
-0.998397
-0.998413
-0.998128
-0.997982
-0.998382
-0.997214
-0.998045
-0.998045
-0.998293
-0.998129
-0.998168
-0.998056
-0.998132
-0.99805
-0.99873
-0.9985
-0.997786
-0.997918
-0.998029
-0.997926
-0.997388
-0.998467
-0.997684
-0.997584
-0.997337
-0.997835
-0.99759
-0.997342
-0.997642
-0.996866
-0.997959
-0.997312
-0.99729
-0.997424
-0.997829
-0.997319
-0.997839
-0.997742
-0.998188
-0.997978
-0.997705
-0.997551
-0.997739
-0.998153
-0.997474
-0.997153
-0.9984
-0.998268
-0.997743
-0.998212
-0.998532
-0.998315
-0.998118
-0.998617
-0.998086
-0.997984
-0.997547
-0.997508
-0.997805
-0.998196
-0.998152
-0.99728
-0.995932
-0.998131
-0.99815
-0.997837
-0.996291
-0.997626
-0.997897
-0.998299
-0.997942
-0.997832
-0.997442
-0.998043
-0.998138
-0.998017
-0.997786
-0.998148
-0.99818
-0.994246
-0.998322
-0.997607
-0.997766
-0.997849
-0.998441
-0.998147
-0.997699
-0.998363
-0.998361
-0.997998
-0.998296
-0.997972
-0.997522
-0.998131
-0.998188
-0.998281
-0.997883
-0.998186
-0.997965
-0.998105
-0.997975
-0.997869
-0.997975
-0.997618
-0.997544
-0.997544
-0.998003
-0.997544
-0.998387
-0.997957
-0.997786
-0.997869
-0.998342
-0.997869
-0.997975
-0.998305
-0.997869
-0.997544
-0.997869
-0.997813
-0.998025
-0.998049
-0.998303
-0.99807
-0.998116
-0.997566
-0.997633
-0.997674
-0.9981
-0.998243
-0.99789
-0.998188
-0.998173
-0.997831
-0.997695
-0.997431
-0.998369
-0.997201
-0.997247
-0.997362
-0.998125
-0.998118
-0.997201
-0.997547
-0.998142
-0.997547
-0.998388
-0.998038
-0.998459
-0.99794
-0.997969
-0.998375
-0.998545
-0.998523
-0.997962
-0.998277
-0.998365
-0.997961
-0.997698
-0.997698
-0.997947
-0.998015
-0.997698
-0.9978
-0.998246
-0.998421
-0.998405
-0.997549
-0.998072
-0.997648
-0.998028
-0.998422
-0.998509
-0.998257
-0.997569
-0.997633
-0.997436
-0.998135
-0.998041
-0.998363
-0.997892
-0.998379
-0.99828
-0.998001
-0.997893
-0.997778
-0.997419
-0.997657
-0.997364
-0.998135
-0.997364
-0.998389
-0.997791
-0.997717
-0.997924
-0.998312
-0.998239
-0.997791
-0.998648
-0.998333
-0.998135
-0.997615
-0.998413
-0.998014
-0.998186
-0.997919
-0.998008
-0.998174
-0.998072
-0.99858
-0.998202
-0.998475
-0.998412
-0.997316
-0.997952
-0.998446
-0.99776
-0.997906
-0.998263
-0.997876
-0.99785
-0.997977
-0.99754
-0.997778
-0.998071
-0.99846
-0.997373
-0.997537
-0.997832
-0.998035
-0.99744
-0.997513
-0.997393
-0.997398
-0.997261
-0.997495
-0.998226
-0.997842
-0.997997
-0.997839
-0.997705
-0.997488
-0.99804
-0.998142
-0.997495
-0.998242
-0.997975
-0.997997
-0.998169
-0.998353
-0.998136
-0.99829
-0.998216
-0.998236
-0.997693
-0.998072
-0.997579
-0.997861
-0.998139
-0.998108
-0.998265
-0.99808
-0.997861
-0.998173
-0.998325
-0.997978
-0.997917
-0.998332
-0.998186
-0.998136
-0.998215
-0.997692
-0.997987
-0.998053
-0.996357
-0.997742
-0.997998
-0.998496
-0.997869
-0.997778
-0.9979
-0.997988
-0.998274
-0.998082
-0.998176
-0.998444
-0.998561
-0.998195
-0.997886
-0.998076
-0.998607
-0.998782
-0.99805
-0.998374
-0.998522
-0.998322
-0.997879
-0.997308
-0.997872
-0.997975
-0.998412
-0.997934
-0.998229
-0.997942
-0.998536
-0.99797
-0.998041
-0.998449
-0.998552
-0.998123
-0.998167
-0.998334
-0.998625
-0.996851
-0.997991
-0.99818
-0.997392
-0.997981
-0.997743
-0.998263
-0.997712
-0.997594
-0.998216
-0.998032
-0.998598
-0.998553
-0.998456
-0.998188
-0.998162
-0.998321
-0.99802
-0.998612
-0.998441
-0.998169
-0.997635
-0.998278
-0.998126
-0.997968
-0.998489
-0.99849
-0.998057
-0.997858
-0.998147
-0.998207
-0.998511
-0.99789
-0.998233
-0.997915
-0.99815
-0.998232
-0.998178
-0.997855
-0.998388
-0.997619
-0.997471
-0.998324
-0.997957
-0.998413
-0.998256
-0.998229
-0.998184
-0.998143
-0.998465
-0.998315
-0.998291
-0.998213
-0.998155
-0.998298
-0.998319
-0.998111
-0.997788
-0.998412
-0.998516
-0.998497
-0.998514
-0.998124
-0.997829
-0.997946
-0.998367
-0.998213
-0.998264
-0.998679
-0.998482
-0.998514
-0.998531
-0.998642
-0.99861
-0.998544
-0.998461
-0.998461
-0.998268
-0.998397
-0.998496
-0.998325
-0.998786
-0.998228
-0.998238
-0.998425
-0.998004
-0.998374
-0.998155
-0.998009
-0.998172
-0.998033
-0.998389
-0.998484
-0.998447
-0.998045
-0.998365
-0.997102
-0.998515
-0.998263
-0.997565
-0.99749
-0.998523
-0.997988
-0.997301
-0.998103
-0.998213
-0.99842
-0.998213
-0.998266
-0.998503
-0.99749
-0.998236
-0.997967
-0.997956
-0.997926
-0.998064
-0.998285
-0.998262
-0.998104
-0.997848
-0.998061
-0.998257
-0.997865
-0.998371
-0.998042
-0.997939
-0.996636
-0.996548
-0.998558
-0.997937
-0.998104
-0.998383
-0.997666
-0.998533
-0.998262
-0.998424
-0.998413
-0.998079
-0.998349
-0.998277
-0.997868
-0.998076
-0.998229
-0.998487
-0.998194
-0.998369
-0.998569
-0.998531
-0.998456
-0.998274
-0.998437
-0.998416
-0.998434
-0.998495
-0.99828
-0.998505
-0.998409
-0.998733
-0.998478
-0.998439
-0.99806
-0.998349
-0.998449
-0.99846
-0.998641
-0.998657
-0.998552
-0.998339
-0.998031
-0.998623
-0.99858
-0.998671
-0.998474
-0.998027
-0.998172
-0.998734
-0.99859
-0.998581
-0.998235
-0.998511
-0.998649
-0.998035
-0.99786
-0.997584
-0.997584
-0.997919
-0.998191
-0.997557
-0.99833
-0.998494
-0.99847
-0.997919
-0.998326
-0.998262
-0.998322
-0.998425
-0.997752
-0.998548
-0.997533
-0.998171
-0.997533
-0.998423
-0.99844
-0.998416
-0.998339
-0.997908
-0.998174
-0.9982
-0.996966
-0.997265
-0.998271
-0.998203
-0.998465
-0.998266
-0.998147
-0.998108
-0.998248
-0.998316
-0.998427
-0.998632
-0.998512
-0.998411
-0.998625
-0.998387
-0.998171
-0.998146
-0.99811
-0.996837
-0.998048
-0.998126
-0.998485
-0.998086
-0.998681
-0.998681
-0.998546
-0.998706
-0.998398
-0.998502
-0.998726
-0.998737
-0.997951
-0.998548
-0.998705
-0.997708
-0.998312
-0.997543
-0.997719
-0.997492
-0.997995
-0.99765
-0.998419
-0.998119
-0.998131
-0.998303
-0.998345
-0.997685
-0.99766
-0.997221
-0.997772
-0.997705
-0.996656
-0.997757
-0.997514
-0.99727
-0.996586
-0.998165
-0.997251
-0.99784
-0.997697
-0.997251
-0.99784
-0.998003
-0.997704
-0.998502
-0.997351
-0.997907
-0.998083
-0.99859
-0.998579
-0.99856
-0.998134
-0.998529
-0.998318
-0.998493
-0.998466
-0.998393
-0.998502
-0.998492
-0.998758
-0.998678
-0.998249
-0.998381
-0.998221
-0.998248
-0.998454
-0.998483
-0.998087
-0.998108
-0.997743
-0.99845
-0.998455
-0.998354
-0.998304
-0.998532
-0.998459
-0.998279
-0.998316
-0.998442
-0.998524
-0.998076
-0.998556
-0.998115
-0.998511
-0.998282
-0.998137
-0.998395
-0.998305
-0.99855
-0.998168
-0.998473
-0.997667
-0.997974
-0.998028
-0.998152
-0.997765
-0.997373
-0.998164
-0.997259
-0.99811
-0.998584
-0.998583
-0.998123
-0.997801
-0.998129
-0.997739
-0.99846
-0.998378
-0.998497
-0.99744
-0.998638
-0.998135
-0.998027
-0.998094
-0.998375
-0.998301
-0.997897
-0.997913
-0.99717
-0.998208
-0.998267
-0.998727
-0.997711
-0.99803
-0.99803
-0.998025
-0.997829
-0.997627
-0.998155
-0.998222
-0.998374
-0.998246
-0.998599
-0.998706
-0.998592
-0.998247
-0.998516
-0.998629
-0.998653
-0.998426
-0.996679
-0.998549
-0.998199
-0.998345
-0.9983
