-0.991613
-0.990329
-0.991354
-0.988677
-0.988677
-0.990331
-0.990346
-0.990161
-0.989729
-0.989158
-0.989799
-0.989683
-0.990764
-0.988677
-0.988988
-0.990085
-0.988527
-0.988677
-0.988677
-0.988298
-0.989835
-0.989218
-0.98815
-0.988677
-0.988811
-0.989874
-0.988941
-0.990773
-0.990021
-0.988376
-0.991929
-0.989823
-0.990496
-0.98827
-0.989126
-0.988297
-0.990366
-0.988146
-0.990078
-0.986949
-0.991145
-0.988775
-0.990883
-0.989846
-0.987901
-0.991005
-0.988829
-0.990654
-0.990368
-0.987835
-0.98975
-0.989172
-0.989581
-0.990438
-0.991563
-0.991692
-0.989241
-0.986627
-0.98827
-0.990549
-0.990008
-0.987029
-0.989014
-0.983696
-0.988684
-0.985946
-0.986271
-0.985864
-0.988025
-0.986354
-0.988949
-0.990923
-0.988614
-0.9909
-0.988289
-0.988091
-0.989861
-0.986381
-0.990944
-0.991009
-0.990551
-0.989279
-0.98869
-0.988892
-0.987155
-0.988445
-0.98862
-0.989118
-0.990345
-0.989573
-0.986398
-0.988204
-0.988204
-0.988565
-0.987495
-0.987863
-0.987495
-0.988089
-0.988204
-0.988112
-0.987863
-0.989532
-0.988364
-0.986815
-0.988204
-0.988204
-0.988089
-0.988204
-0.989006
-0.985768
-0.985289
-0.98405
-0.986514
-0.986518
-0.986769
-0.984424
-0.985431
-0.985662
-0.98359
-0.984711
-0.986824
-0.989724
-0.986593
-0.984788
-0.988979
-0.990974
-0.987235
-0.988973
-0.985764
-0.98702
-0.98544
-0.989084
-0.988328
-0.989448
-0.985354
-0.986399
-0.982584
-0.987028
-0.990931
-0.989001
-0.989427
-0.989169
-0.990978
-0.989763
-0.991291
-0.991389
-0.99085
-0.989574
-0.990488
-0.990865
-0.990484
-0.99137
-0.987894
-0.991176
-0.990734
-0.991956
-0.992018
-0.991023
-0.992241
-0.99191
-0.991682
-0.991634
-0.990313
-0.984192
-0.988556
-0.989006
-0.987929
-0.989427
-0.984383
-0.988271
-0.98807
-0.988734
-0.988315
-0.988315
-0.99029
-0.990303
-0.990101
-0.989001
-0.98962
-0.990027
-0.989924
-0.989708
-0.98802
-0.98913
-0.991332
-0.989375
-0.991441
-0.989829
-0.989363
-0.990596
-0.991643
-0.987763
-0.989299
-0.988943
-0.990648
-0.989985
-0.988312
-0.989179
-0.991288
-0.991235
-0.987286
-0.989216
-0.991727
-0.988871
-0.989566
-0.989415
-0.989351
-0.988088
-0.988134
-0.988359
-0.986623
-0.989739
-0.988026
-0.986168
-0.987275
-0.988372
-0.988107
-0.989295
-0.990529
-0.988734
-0.988721
-0.988373
-0.991135
-0.989967
-0.991017
-0.988362
-0.990092
-0.990508
-0.989761
-0.990587
-0.990371
-0.991234
-0.988747
-0.989644
-0.98906
-0.98906
-0.98906
-0.98906
-0.98906
-0.990379
-0.990346
-0.987913
-0.989862
-0.989801
-0.989363
-0.989293
-0.990432
-0.990778
-0.990098
-0.989519
-0.989443
-0.98931
-0.989964
-0.989749
-0.990954
-0.988902
-0.989298
-0.990468
-0.990943
-0.989831
-0.98861
-0.990741
-0.989316
-0.991044
-0.990302
-0.98693
-0.987022
-0.988514
-0.987595
-0.988878
-0.989311
-0.98693
-0.987629
-0.985411
-0.988338
-0.986632
-0.987861
-0.990379
-0.9869
-0.98693
-0.990659
-0.989327
-0.98693
-0.987905
-0.988611
-0.99096
-0.989316
-0.990264
-0.990386
-0.988394
-0.992325
-0.992967
-0.99026
-0.990291
-0.991213
-0.991679
-0.990769
-0.990818
-0.990229
-0.990704
-0.989723
-0.986654
-0.99081
-0.989176
-0.988699
-0.992411
-0.992547
-0.992664
-0.990908
-0.992744
-0.989264
-0.990335
-0.991776
-0.991019
-0.990868
-0.989022
-0.98784
-0.990179
-0.98573
-0.989116
-0.989116
-0.989467
-0.989457
-0.990513
-0.988892
-0.989414
-0.987777
-0.990893
-0.992286
-0.988317
-0.987504
-0.988956
-0.988492
-0.989764
-0.990018
-0.987479
-0.987105
-0.986529
-0.98879
-0.98734
-0.986879
-0.987477
-0.985732
-0.987825
-0.987069
-0.986493
-0.986493
-0.987302
-0.986745
-0.987853
-0.986604
-0.988311
-0.987237
-0.987359
-0.98568
-0.988849
-0.987981
-0.986286
-0.986548
-0.989979
-0.990663
-0.98837
-0.988773
-0.990731
-0.9915
-0.987244
-0.990355
-0.988341
-0.988144
-0.986393
-0.987803
-0.987374
-0.990015
-0.990341
-0.987077
-0.986221
-0.990373
-0.989126
-0.989265
-0.989022
-0.986977
-0.989107
-0.990946
-0.990124
-0.988567
-0.988881
-0.988601
-0.990298
-0.98936
-0.989386
-0.989311
-0.98994
-0.983001
-0.991746
-0.98792
-0.988171
-0.989539
-0.991043
-0.990216
-0.988572
-0.990464
-0.988701
-0.990557
-0.991567
-0.990605
-0.988312
-0.990031
-0.989777
-0.98983
-0.988182
-0.987751
-0.988002
-0.988206
-0.989157
-0.988614
-0.989157
-0.987908
-0.987254
-0.987254
-0.989157
-0.987254
-0.990236
-0.988572
-0.988086
-0.988614
-0.98983
-0.988614
-0.988925
-0.990353
-0.988614
-0.987254
-0.988614
-0.987726
-0.98927
-0.98753
-0.989456
-0.988723
-0.987239
-0.988628
-0.985761
-0.987997
-0.989534
-0.989455
-0.989347
-0.98851
-0.990722
-0.989703
-0.986002
-0.987761
-0.989547
-0.987329
-0.985978
-0.985868
-0.988775
-0.989857
-0.987329
-0.988137
-0.990286
-0.988137
-0.989823
-0.98895
-0.991535
-0.987498
-0.987701
-0.990405
-0.991039
-0.991039
-0.989166
-0.990745
-0.990227
-0.988521
-0.987867
-0.987867
-0.988449
-0.989012
-0.987867
-0.986987
-0.989321
-0.989959
-0.989959
-0.986854
-0.989108
-0.988898
-0.988904
-0.989265
-0.988746
-0.98947
-0.986777
-0.987663
-0.986628
-0.98881
-0.99025
-0.990091
-0.98751
-0.988902
-0.988308
-0.989261
-0.987715
-0.989632
-0.98694
-0.987276
-0.98671
-0.989442
-0.986545
-0.989586
-0.987393
-0.987281
-0.990098
-0.989561
-0.989055
-0.9872
-0.991468
-0.989268
-0.98899
-0.988454
-0.990827
-0.99023
-0.988953
-0.987677
-0.988324
-0.987657
-0.98857
-0.990851
-0.990283
-0.990091
-0.990363
-0.987603
-0.987198
-0.988328
-0.987835
-0.988858
-0.990774
-0.986712
-0.98651
-0.988482
-0.986117
-0.989054
-0.991202
-0.991624
-0.988546
-0.98752
-0.988191
-0.989609
-0.984315
-0.986396
-0.985487
-0.986773
-0.987031
-0.985529
-0.988023
-0.986699
-0.988276
-0.987249
-0.98835
-0.98646
-0.988611
-0.988684
-0.987469
-0.989389
-0.988271
-0.988192
-0.98929
-0.989076
-0.988685
-0.990116
-0.9894
-0.989308
-0.987535
-0.988555
-0.987533
-0.98851
-0.987933
-0.988563
-0.99009
-0.988939
-0.98851
-0.989245
-0.990153
-0.988191
-0.988706
-0.989685
-0.989319
-0.989073
-0.989671
-0.987049
-0.987764
-0.987211
-0.98801
-0.987175
-0.986837
-0.989592
-0.987655
-0.988184
-0.98779
-0.988559
-0.988088
-0.988907
-0.987887
-0.989301
-0.992544
-0.990477
-0.988256
-0.988372
-0.992083
-0.992756
-0.988851
-0.990294
-0.99133
-0.989792
-0.988295
-0.986696
-0.989617
-0.985593
-0.991042
-0.988245
-0.989491
-0.986609
-0.990499
-0.989996
-0.987615
-0.989997
-0.990426
-0.988635
-0.990462
-0.990305
-0.992021
-0.987583
-0.987419
-0.988401
-0.985714
-0.987583
-0.987594
-0.990298
-0.986113
-0.985589
-0.990372
-0.990431
-0.991389
-0.991618
-0.991101
-0.988092
-0.98914
-0.989935
-0.987724
-0.991747
-0.989937
-0.988089
-0.986541
-0.989485
-0.988776
-0.99017
-0.990111
-0.990541
-0.988207
-0.985403
-0.988593
-0.9904
-0.990625
-0.988595
-0.989421
-0.987089
-0.988448
-0.98917
-0.98812
-0.987437
-0.989226
-0.990106
-0.98824
-0.990463
-0.988687
-0.990246
-0.990154
-0.989379
-0.989037
-0.988557
-0.990783
-0.991263
-0.989736
-0.988968
-0.988878
-0.990431
-0.988704
-0.990092
-0.988471
-0.990611
-0.990428
-0.991609
-0.989694
-0.988923
-0.988132
-0.987467
-0.990125
-0.990211
-0.989453
-0.9908
-0.990991
-0.99029
-0.991037
-0.991396
-0.991433
-0.991917
-0.991535
-0.991214
-0.989888
-0.991218
-0.991162
-0.989653
-0.992231
-0.989912
-0.989609
-0.990748
-0.988873
-0.99057
-0.98951
-0.988013
-0.98951
-0.989053
-0.990034
-0.990578
-0.990914
-0.988604
-0.9896
-0.98787
-0.989852
-0.990792
-0.990458
-0.987172
-0.990809
-0.989401
-0.988475
-0.989943
-0.99039
-0.990889
-0.990791
-0.990547
-0.991144
-0.987172
-0.989833
-0.989249
-0.989633
-0.988613
-0.989346
-0.989913
-0.989191
-0.989125
-0.98839
-0.989674
-0.9901
-0.990176
-0.990741
-0.989669
-0.989171
-0.988983
-0.988146
-0.990315
-0.988565
-0.989272
-0.989728
-0.98848
-0.9901
-0.990192
-0.989577
-0.990116
-0.989466
-0.990557
-0.990484
-0.988582
-0.989398
-0.989463
-0.991003
-0.989966
-0.989717
-0.9918
-0.990822
-0.990565
-0.990401
-0.990354
-0.990724
-0.990339
-0.990639
-0.990559
-0.991629
-0.988845
-0.991656
-0.990704
-0.991249
-0.98924
-0.990067
-0.990626
-0.990928
-0.990994
-0.991804
-0.991028
-0.990082
-0.989171
-0.991594
-0.990956
-0.991739
-0.990694
-0.989597
-0.990427
-0.991807
-0.991648
-0.99195
-0.990896
-0.991693
-0.992106
-0.990459
-0.988196
-0.987055
-0.987055
-0.988413
-0.990154
-0.987055
-0.989891
-0.990369
-0.990369
-0.988745
-0.989514
-0.989754
-0.990459
-0.98948
-0.987905
-0.990713
-0.986976
-0.987535
-0.988604
-0.989962
-0.99071
-0.99125
-0.990112
-0.987929
-0.989748
-0.989611
-0.986651
-0.98702
-0.989191
-0.989857
-0.991267
-0.990792
-0.989421
-0.990816
-0.991311
-0.98938
-0.990522
-0.993025
-0.991181
-0.99109
-0.992055
-0.989556
-0.990109
-0.988736
-0.990304
-0.987455
-0.991154
-0.989845
-0.987899
-0.991361
-0.99192
-0.99192
-0.992181
-0.992396
-0.991979
-0.9904
-0.992529
-0.992115
-0.989302
-0.991738
-0.992153
-0.988574
-0.989086
-0.987077
-0.987258
-0.985759
-0.987663
-0.98722
-0.988876
-0.988016
-0.990022
-0.991166
-0.992046
-0.988397
-0.988242
-0.986307
-0.988095
-0.988156
-0.984977
-0.988927
-0.988308
-0.985826
-0.985148
-0.990208
-0.985559
-0.988513
-0.985798
-0.985559
-0.988513
-0.990299
-0.988827
-0.991773
-0.986438
-0.989806
-0.99096
-0.990654
-0.990549
-0.990346
-0.988837
-0.989559
-0.99058
-0.99063
-0.989913
-0.990922
-0.989127
-0.990788
-0.991864
-0.991874
-0.991314
-0.990097
-0.990113
-0.989474
-0.99151
-0.988856
-0.989206
-0.988262
-0.988706
-0.991963
-0.991516
-0.990773
-0.991821
-0.991534
-0.990407
-0.991584
-0.991044
-0.991095
-0.991848
-0.98978
-0.991651
-0.989564
-0.990501
-0.991062
-0.988726
-0.991371
-0.991454
-0.990829
-0.989733
-0.991856
-0.98698
-0.99008
-0.989307
-0.990337
-0.988768
-0.98632
-0.990125
-0.987547
-0.98926
-0.991971
-0.991203
-0.988588
-0.988119
-0.99105
-0.985508
-0.990153
-0.9899
-0.990234
-0.990258
-0.992749
-0.98977
-0.987872
-0.989081
-0.989334
-0.990942
-0.988771
-0.990259
-0.990066
-0.990115
-0.989205
-0.991017
-0.988336
-0.989098
-0.989563
-0.989102
-0.988862
-0.988054
-0.989543
-0.989748
-0.98911
-0.987854
-0.991724
-0.991932
-0.990235
-0.989828
-0.990681
-0.991388
-0.991125
-0.99029
-0.987681
-0.990019
-0.988913
-0.989909
-0.99086
