-0.999209
-0.998518
-0.998137
-0.998415
-0.998415
-0.998837
-0.998544
-0.999123
-0.998666
-0.998558
-0.998604
-0.998631
-0.999108
-0.998411
-0.998175
-0.998878
-0.998513
-0.998415
-0.998415
-0.998513
-0.998778
-0.998768
-0.998212
-0.998415
-0.998495
-0.998608
-0.998788
-0.998887
-0.998843
-0.998295
-0.998833
-0.998874
-0.999031
-0.998856
-0.998752
-0.998795
-0.999041
-0.998607
-0.998996
-0.99834
-0.999016
-0.999152
-0.999009
-0.998957
-0.998969
-0.999077
-0.998669
-0.999206
-0.998858
-0.998671
-0.999018
-0.998878
-0.998908
-0.998962
-0.99921
-0.999014
-0.998849
-0.998476
-0.998856
-0.998838
-0.998995
-0.99838
-0.998543
-0.997793
-0.998523
-0.998034
-0.998278
-0.997938
-0.998858
-0.99716
-0.997421
-0.997977
-0.998792
-0.998948
-0.998523
-0.998893
-0.99881
-0.998788
-0.999147
-0.998044
-0.99904
-0.998893
-0.998615
-0.998566
-0.998538
-0.99855
-0.998888
-0.998886
-0.998939
-0.998854
-0.998177
-0.998532
-0.998458
-0.998703
-0.998386
-0.998485
-0.998485
-0.998494
-0.998458
-0.998623
-0.998485
-0.998745
-0.99871
-0.998196
-0.998532
-0.998458
-0.998494
-0.998458
-0.996079
-0.998687
-0.99812
-0.997965
-0.998714
-0.998295
-0.998571
-0.998163
-0.998149
-0.998356
-0.998526
-0.997915
-0.997742
-0.998596
-0.99867
-0.998268
-0.998659
-0.998999
-0.999177
-0.998806
-0.998199
-0.998416
-0.998747
-0.998691
-0.99892
-0.998839
-0.998829
-0.998517
-0.99856
-0.998253
-0.999113
-0.99897
-0.99604
-0.998976
-0.999105
-0.998914
-0.999001
-0.99874
-0.998642
-0.998153
-0.998598
-0.998877
-0.998817
-0.998925
-0.997024
-0.998861
-0.999194
-0.999203
-0.999069
-0.999147
-0.999253
-0.999113
-0.999026
-0.999215
-0.998889
-0.997997
-0.998407
-0.998674
-0.997676
-0.99828
-0.995051
-0.997854
-0.998429
-0.998733
-0.998532
-0.998582
-0.998894
-0.999058
-0.998784
-0.998863
-0.998939
-0.999043
-0.998997
-0.998941
-0.998501
-0.998569
-0.999147
-0.998816
-0.999021
-0.999149
-0.998773
-0.999109
-0.99875
-0.996148
-0.999097
-0.998744
-0.999164
-0.998802
-0.998809
-0.99916
-0.999142
-0.998967
-0.998644
-0.99883
-0.999103
-0.998963
-0.998428
-0.998923
-0.999043
-0.998702
-0.998617
-0.998491
-0.998525
-0.999016
-0.998489
-0.998424
-0.998403
-0.998456
-0.998559
-0.998902
-0.998889
-0.998722
-0.998747
-0.998574
-0.999129
-0.99921
-0.99911
-0.998885
-0.998831
-0.99902
-0.998802
-0.998927
-0.999031
-0.999093
-0.998729
-0.998968
-0.998637
-0.998847
-0.998653
-0.998637
-0.998846
-0.999031
-0.999056
-0.99875
-0.998964
-0.99902
-0.999004
-0.998902
-0.999071
-0.999106
-0.998932
-0.998913
-0.998934
-0.998797
-0.998967
-0.99895
-0.99916
-0.998797
-0.998892
-0.998984
-0.99909
-0.999035
-0.998642
-0.998541
-0.998499
-0.999041
-0.998829
-0.998162
-0.998187
-0.998446
-0.998269
-0.99869
-0.998846
-0.998176
-0.998441
-0.998648
-0.998379
-0.998057
-0.998019
-0.998829
-0.998244
-0.998162
-0.99895
-0.998438
-0.998162
-0.9983
-0.998519
-0.998835
-0.998499
-0.998155
-0.99885
-0.998713
-0.99901
-0.999164
-0.998914
-0.998493
-0.999156
-0.99913
-0.998828
-0.9988
-0.998743
-0.998826
-0.998911
-0.998167
-0.998949
-0.998231
-0.998821
-0.999042
-0.999282
-0.998802
-0.999068
-0.999053
-0.998726
-0.998964
-0.999129
-0.999084
-0.999007
-0.998762
-0.998611
-0.999032
-0.998266
-0.998707
-0.998689
-0.998776
-0.998722
-0.998853
-0.998808
-0.998975
-0.998772
-0.99912
-0.999194
-0.998303
-0.998622
-0.998755
-0.99874
-0.997084
-0.999012
-0.998286
-0.998299
-0.998333
-0.998533
-0.998339
-0.99819
-0.998449
-0.997705
-0.998664
-0.997938
-0.998303
-0.998081
-0.998488
-0.998156
-0.998639
-0.998448
-0.998977
-0.998561
-0.998577
-0.998345
-0.998897
-0.998879
-0.998279
-0.998104
-0.999077
-0.998799
-0.998582
-0.998432
-0.999081
-0.998847
-0.998812
-0.998923
-0.998551
-0.998882
-0.998508
-0.998397
-0.99831
-0.999019
-0.99881
-0.998068
-0.997094
-0.998762
-0.998755
-0.99859
-0.997855
-0.997822
-0.998049
-0.998782
-0.998361
-0.9987
-0.997348
-0.998825
-0.998339
-0.998379
-0.998589
-0.998632
-0.998453
-0.996101
-0.999014
-0.998505
-0.998317
-0.998033
-0.998271
-0.998243
-0.997743
-0.998356
-0.997208
-0.998385
-0.998569
-0.998175
-0.998259
-0.998776
-0.998644
-0.998912
-0.998677
-0.998741
-0.998456
-0.9988
-0.99878
-0.998654
-0.99878
-0.998505
-0.998432
-0.998432
-0.998786
-0.998432
-0.998859
-0.998719
-0.998639
-0.998663
-0.998921
-0.998663
-0.998719
-0.998971
-0.998654
-0.998432
-0.998663
-0.998822
-0.998647
-0.998694
-0.998719
-0.998567
-0.998065
-0.99872
-0.998274
-0.99858
-0.998836
-0.99871
-0.998869
-0.99883
-0.998913
-0.998079
-0.997743
-0.996919
-0.998947
-0.998264
-0.9978
-0.997596
-0.998841
-0.998853
-0.998264
-0.998568
-0.998283
-0.998568
-0.998548
-0.998154
-0.998702
-0.998771
-0.99874
-0.999149
-0.999202
-0.999202
-0.998453
-0.998906
-0.998879
-0.99869
-0.998559
-0.998587
-0.998649
-0.998574
-0.998469
-0.998339
-0.998895
-0.998991
-0.998991
-0.998369
-0.99884
-0.99878
-0.998706
-0.99896
-0.999096
-0.998859
-0.998317
-0.998578
-0.998331
-0.998806
-0.999007
-0.998923
-0.998462
-0.999095
-0.998882
-0.998624
-0.998337
-0.998604
-0.998051
-0.998402
-0.998159
-0.998547
-0.998304
-0.999048
-0.998897
-0.998561
-0.999005
-0.99894
-0.998932
-0.998544
-0.99891
-0.998908
-0.998595
-0.998281
-0.999137
-0.999037
-0.998941
-0.998841
-0.998921
-0.999115
-0.998523
-0.999146
-0.998593
-0.998981
-0.998807
-0.998545
-0.998289
-0.9987
-0.998221
-0.998346
-0.9983
-0.998437
-0.998367
-0.998372
-0.998621
-0.998717
-0.998634
-0.998901
-0.998028
-0.997649
-0.99853
-0.998862
-0.998513
-0.998713
-0.997654
-0.997931
-0.998039
-0.998648
-0.998878
-0.998164
-0.998734
-0.998426
-0.998838
-0.998108
-0.998424
-0.998819
-0.998662
-0.999118
-0.99878
-0.998923
-0.998902
-0.999117
-0.998946
-0.999069
-0.998907
-0.998729
-0.998597
-0.998776
-0.99859
-0.998704
-0.998605
-0.998797
-0.999008
-0.998899
-0.998704
-0.998922
-0.998978
-0.998683
-0.998733
-0.998987
-0.998913
-0.999084
-0.998896
-0.998533
-0.998574
-0.998668
-0.99613
-0.998401
-0.998678
-0.999044
-0.998482
-0.998684
-0.998721
-0.998577
-0.998833
-0.99887
-0.99886
-0.999004
-0.999068
-0.998933
-0.998513
-0.9989
-0.999239
-0.999179
-0.998696
-0.998969
-0.999127
-0.998673
-0.998809
-0.998463
-0.998757
-0.998785
-0.99907
-0.998436
-0.998989
-0.998633
-0.999092
-0.998904
-0.998756
-0.998649
-0.999056
-0.998758
-0.998848
-0.998715
-0.998867
-0.997769
-0.99873
-0.998815
-0.998333
-0.998511
-0.998197
-0.998744
-0.998527
-0.998163
-0.998644
-0.998771
-0.999122
-0.999096
-0.999142
-0.998992
-0.998833
-0.998849
-0.998497
-0.999086
-0.999168
-0.998966
-0.998587
-0.998883
-0.998831
-0.999003
-0.999105
-0.999119
-0.998896
-0.998453
-0.99869
-0.998945
-0.999114
-0.998757
-0.999
-0.998814
-0.998655
-0.99894
-0.998747
-0.998718
-0.999123
-0.997981
-0.998439
-0.998871
-0.998772
-0.998908
-0.998936
-0.998883
-0.998887
-0.998873
-0.99899
-0.998988
-0.998891
-0.998809
-0.998711
-0.99906
-0.998864
-0.998944
-0.999021
-0.998771
-0.999003
-0.999036
-0.998985
-0.998956
-0.99894
-0.998782
-0.999102
-0.998447
-0.998891
-0.999182
-0.998912
-0.999034
-0.999212
-0.998994
-0.99887
-0.999119
-0.99908
-0.999026
-0.998797
-0.999001
-0.998983
-0.998834
-0.999119
-0.998876
-0.998858
-0.999032
-0.998706
-0.998996
-0.998816
-0.998617
-0.998818
-0.998913
-0.99893
-0.999025
-0.999038
-0.998684
-0.998806
-0.996692
-0.999053
-0.998737
-0.996291
-0.998258
-0.998842
-0.998798
-0.996798
-0.998834
-0.998687
-0.99908
-0.999102
-0.998739
-0.998979
-0.998258
-0.998687
-0.998579
-0.998843
-0.998635
-0.998732
-0.998622
-0.998721
-0.998838
-0.998661
-0.998689
-0.998535
-0.998593
-0.998746
-0.99838
-0.998543
-0.99535
-0.995954
-0.999134
-0.998002
-0.998955
-0.99903
-0.998715
-0.999169
-0.999025
-0.999091
-0.999001
-0.99814
-0.999084
-0.999014
-0.998544
-0.998228
-0.998878
-0.999011
-0.998978
-0.998932
-0.999176
-0.999054
-0.999057
-0.998831
-0.999041
-0.999076
-0.999059
-0.999075
-0.998843
-0.998999
-0.998882
-0.999163
-0.99904
-0.999029
-0.998459
-0.999153
-0.999065
-0.999064
-0.999063
-0.999224
-0.999092
-0.998994
-0.998807
-0.999116
-0.99918
-0.999167
-0.99907
-0.998772
-0.998651
-0.999101
-0.999187
-0.999163
-0.999248
-0.999158
-0.999192
-0.998922
-0.998659
-0.998357
-0.99841
-0.998517
-0.998702
-0.998338
-0.998928
-0.999007
-0.999007
-0.9986
-0.998801
-0.998894
-0.998902
-0.998921
-0.998464
-0.999021
-0.998735
-0.998541
-0.998753
-0.998887
-0.998888
-0.998719
-0.999038
-0.998682
-0.999023
-0.99861
-0.998066
-0.998437
-0.998984
-0.998774
-0.998784
-0.999033
-0.998941
-0.998849
-0.998858
-0.998935
-0.999139
-0.9991
-0.999185
-0.998967
-0.998942
-0.998953
-0.998885
-0.998976
-0.998922
-0.996101
-0.998753
-0.998112
-0.999125
-0.998299
-0.999147
-0.999147
-0.999177
-0.999344
-0.999267
-0.999054
-0.999261
-0.99904
-0.998886
-0.999189
-0.999255
-0.998516
-0.998939
-0.998365
-0.998716
-0.998271
-0.998696
-0.998699
-0.998653
-0.998477
-0.998924
-0.99865
-0.999076
-0.998319
-0.998426
-0.998125
-0.998267
-0.998826
-0.997691
-0.998697
-0.998762
-0.998172
-0.997893
-0.998916
-0.998248
-0.998409
-0.998013
-0.998248
-0.998409
-0.998538
-0.998175
-0.998387
-0.997945
-0.99781
-0.998581
-0.999105
-0.999098
-0.998951
-0.998621
-0.99915
-0.999184
-0.998812
-0.999172
-0.999079
-0.999137
-0.998977
-0.99939
-0.999259
-0.998922
-0.998399
-0.998904
-0.998848
-0.99904
-0.998015
-0.998546
-0.998981
-0.9986
-0.998918
-0.999183
-0.999091
-0.998943
-0.998951
-0.998977
-0.999048
-0.999099
-0.999043
-0.998757
-0.998625
-0.998979
-0.998595
-0.999036
-0.998902
-0.999042
-0.99904
-0.999102
-0.999081
-0.998882
-0.998955
-0.998481
-0.998356
-0.998819
-0.99893
-0.998564
-0.998525
-0.998817
-0.998018
-0.998427
-0.998723
-0.998758
-0.999025
-0.998972
-0.998125
-0.999017
-0.998829
-0.998903
-0.998144
-0.995839
-0.998813
-0.999011
-0.998824
-0.999106
-0.999094
-0.998422
-0.998206
-0.998879
-0.996841
-0.998846
-0.999111
-0.999184
-0.998578
-0.998773
-0.998891
-0.998778
-0.998633
-0.998516
-0.998898
-0.998871
-0.998642
-0.998933
-0.999083
-0.999306
-0.999125
-0.998906
-0.999157
-0.999213
-0.998862
-0.999167
-0.997683
-0.998962
-0.998687
-0.999086
-0.998923
