-0.995023
-0.994644
-0.993743
-0.994001
-0.994001
-0.994322
-0.994766
-0.994605
-0.993871
-0.99431
-0.994251
-0.994088
-0.994605
-0.993966
-0.993828
-0.994539
-0.993916
-0.994001
-0.994001
-0.993783
-0.994417
-0.994275
-0.993212
-0.993966
-0.994002
-0.994516
-0.994915
-0.994556
-0.994172
-0.993442
-0.99493
-0.994706
-0.995071
-0.99444
-0.994605
-0.99502
-0.995084
-0.99472
-0.995117
-0.994405
-0.994795
-0.994997
-0.994917
-0.994895
-0.994997
-0.995003
-0.994816
-0.994949
-0.994789
-0.994876
-0.995021
-0.994736
-0.995054
-0.994878
-0.995265
-0.994877
-0.994824
-0.994351
-0.99444
-0.994526
-0.995012
-0.994213
-0.994589
-0.992487
-0.994281
-0.993745
-0.993992
-0.993742
-0.994335
-0.993645
-0.993918
-0.993156
-0.99459
-0.994968
-0.994136
-0.994967
-0.99472
-0.994141
-0.995028
-0.994391
-0.995
-0.994649
-0.994259
-0.994398
-0.994124
-0.993902
-0.994913
-0.994962
-0.99454
-0.994236
-0.993772
-0.993968
-0.993968
-0.994123
-0.993948
-0.993935
-0.993935
-0.993934
-0.993968
-0.99409
-0.993935
-0.994436
-0.994205
-0.993949
-0.993968
-0.993968
-0.993934
-0.993968
-0.993469
-0.994648
-0.99344
-0.994086
-0.994779
-0.993725
-0.994119
-0.993997
-0.99355
-0.993822
-0.994245
-0.993537
-0.993773
-0.994722
-0.994728
-0.994338
-0.99484
-0.995072
-0.994855
-0.994957
-0.993645
-0.994096
-0.994503
-0.994417
-0.994511
-0.994987
-0.994456
-0.994391
-0.993736
-0.994248
-0.995022
-0.994953
-0.993565
-0.994941
-0.995003
-0.994782
-0.995059
-0.994971
-0.994841
-0.993775
-0.994742
-0.994911
-0.994719
-0.994613
-0.992514
-0.994813
-0.994804
-0.994998
-0.995131
-0.994891
-0.995095
-0.99502
-0.994891
-0.995008
-0.994733
-0.994474
-0.994651
-0.994582
-0.993811
-0.994654
-0.989817
-0.994796
-0.994666
-0.994853
-0.994318
-0.99459
-0.994859
-0.994908
-0.994855
-0.995092
-0.995128
-0.994926
-0.995183
-0.994926
-0.994583
-0.994906
-0.995101
-0.995084
-0.99499
-0.994932
-0.994477
-0.995256
-0.995022
-0.9937
-0.994863
-0.99427
-0.995093
-0.994865
-0.994718
-0.995023
-0.994894
-0.994834
-0.994379
-0.99482
-0.994986
-0.99494
-0.994739
-0.994884
-0.995085
-0.994885
-0.994719
-0.994471
-0.994851
-0.995106
-0.994771
-0.993214
-0.994285
-0.993958
-0.994229
-0.994574
-0.994574
-0.994233
-0.994758
-0.994292
-0.994916
-0.994896
-0.994855
-0.994565
-0.994608
-0.99499
-0.994454
-0.994371
-0.994852
-0.995033
-0.994733
-0.994908
-0.994733
-0.994745
-0.994733
-0.994733
-0.994789
-0.994967
-0.994937
-0.994438
-0.994903
-0.995045
-0.994783
-0.994773
-0.994997
-0.994997
-0.994888
-0.994653
-0.994729
-0.99478
-0.994773
-0.994773
-0.99522
-0.994773
-0.994823
-0.994967
-0.994938
-0.994815
-0.99483
-0.994532
-0.994394
-0.994871
-0.994526
-0.993451
-0.993942
-0.994216
-0.993908
-0.993983
-0.994663
-0.99392
-0.993699
-0.993598
-0.994049
-0.994008
-0.993879
-0.994174
-0.993894
-0.993451
-0.994501
-0.994481
-0.993451
-0.993785
-0.993738
-0.99468
-0.994394
-0.994466
-0.994799
-0.994486
-0.994362
-0.995105
-0.994464
-0.993283
-0.994588
-0.994906
-0.99491
-0.994673
-0.994682
-0.995036
-0.995076
-0.993696
-0.995027
-0.99505
-0.99424
-0.994729
-0.994711
-0.994277
-0.995037
-0.994921
-0.994325
-0.994739
-0.995081
-0.994778
-0.994611
-0.994395
-0.994193
-0.994674
-0.993284
-0.994274
-0.994248
-0.994494
-0.994295
-0.994666
-0.994735
-0.995167
-0.994793
-0.995142
-0.995169
-0.994495
-0.99441
-0.994589
-0.994282
-0.993057
-0.99496
-0.993936
-0.994322
-0.993537
-0.994199
-0.993535
-0.993739
-0.993641
-0.99339
-0.994674
-0.993715
-0.993672
-0.994068
-0.994348
-0.993717
-0.994575
-0.993877
-0.994395
-0.994264
-0.994129
-0.993343
-0.994452
-0.994482
-0.994128
-0.99332
-0.995296
-0.994572
-0.994442
-0.994724
-0.995139
-0.994468
-0.994853
-0.9945
-0.994414
-0.994613
-0.993906
-0.99403
-0.994134
-0.994897
-0.994752
-0.993152
-0.992072
-0.994662
-0.994628
-0.994149
-0.994516
-0.994707
-0.994257
-0.994813
-0.994673
-0.994057
-0.99431
-0.994346
-0.994519
-0.994744
-0.994377
-0.994874
-0.994775
-0.989955
-0.99495
-0.994711
-0.994602
-0.994673
-0.994227
-0.994132
-0.994421
-0.994391
-0.994085
-0.994641
-0.994565
-0.994974
-0.99398
-0.994623
-0.994568
-0.994549
-0.994331
-0.994552
-0.994183
-0.994937
-0.994451
-0.994435
-0.994568
-0.994213
-0.993608
-0.993608
-0.994568
-0.993608
-0.994417
-0.994451
-0.99428
-0.994437
-0.994815
-0.994437
-0.994451
-0.995048
-0.994435
-0.993608
-0.994437
-0.994979
-0.994626
-0.994362
-0.994649
-0.994957
-0.994675
-0.99498
-0.994376
-0.994244
-0.994921
-0.994497
-0.994823
-0.995048
-0.99494
-0.994775
-0.994518
-0.993837
-0.995021
-0.993998
-0.993472
-0.993465
-0.994783
-0.994786
-0.99406
-0.994308
-0.994475
-0.994308
-0.995012
-0.994606
-0.99483
-0.993691
-0.99425
-0.995072
-0.995166
-0.99514
-0.993352
-0.994975
-0.99474
-0.994289
-0.99415
-0.99415
-0.99484
-0.994146
-0.994354
-0.994104
-0.994942
-0.994925
-0.994885
-0.994
-0.995036
-0.994705
-0.994421
-0.994668
-0.994918
-0.994529
-0.994141
-0.994694
-0.99357
-0.994656
-0.99457
-0.994936
-0.994193
-0.99467
-0.994857
-0.994528
-0.994378
-0.994662
-0.993904
-0.994106
-0.993814
-0.994399
-0.993682
-0.994876
-0.994281
-0.994097
-0.994646
-0.994538
-0.994392
-0.993563
-0.994697
-0.99521
-0.995095
-0.994753
-0.995173
-0.995025
-0.994903
-0.995057
-0.995125
-0.995022
-0.994694
-0.995124
-0.994079
-0.99481
-0.994717
-0.994303
-0.993747
-0.994276
-0.994295
-0.994786
-0.994435
-0.994144
-0.994091
-0.994515
-0.994345
-0.994952
-0.994197
-0.995035
-0.994275
-0.993579
-0.994644
-0.994658
-0.994058
-0.994123
-0.993384
-0.993306
-0.994456
-0.994366
-0.994411
-0.993747
-0.994833
-0.99431
-0.995038
-0.993602
-0.994168
-0.994714
-0.994458
-0.994992
-0.994721
-0.994918
-0.994822
-0.994828
-0.99467
-0.994927
-0.994803
-0.994606
-0.994409
-0.99465
-0.994487
-0.994542
-0.994645
-0.994748
-0.995068
-0.994831
-0.994542
-0.994861
-0.994833
-0.994978
-0.994621
-0.994838
-0.994874
-0.994893
-0.994966
-0.994747
-0.994578
-0.994336
-0.993341
-0.994704
-0.994376
-0.994785
-0.994721
-0.994524
-0.994619
-0.994454
-0.994883
-0.994833
-0.994408
-0.994912
-0.995074
-0.995205
-0.993819
-0.99372
-0.994885
-0.99508
-0.994502
-0.994751
-0.99516
-0.994592
-0.994368
-0.993932
-0.99472
-0.994433
-0.994881
-0.994577
-0.994653
-0.994456
-0.994898
-0.994835
-0.994664
-0.994797
-0.994939
-0.994576
-0.994967
-0.994841
-0.994877
-0.99302
-0.99428
-0.994372
-0.993631
-0.99422
-0.993727
-0.994358
-0.994143
-0.993601
-0.994698
-0.994801
-0.994869
-0.994891
-0.994903
-0.994614
-0.99494
-0.994125
-0.994679
-0.994874
-0.99497
-0.994447
-0.994366
-0.994681
-0.994865
-0.995022
-0.994896
-0.995041
-0.994987
-0.993818
-0.994719
-0.994752
-0.994969
-0.994511
-0.994913
-0.994696
-0.994556
-0.994979
-0.994809
-0.994611
-0.995058
-0.994015
-0.994326
-0.994469
-0.994912
-0.994648
-0.994468
-0.994663
-0.994737
-0.994615
-0.994542
-0.994246
-0.994611
-0.994371
-0.994179
-0.9949
-0.994324
-0.994474
-0.994876
-0.994278
-0.994672
-0.994749
-0.994496
-0.994505
-0.994233
-0.994515
-0.994986
-0.994338
-0.994667
-0.99505
-0.994972
-0.995014
-0.995087
-0.99495
-0.995179
-0.995182
-0.995249
-0.995038
-0.995259
-0.995198
-0.994995
-0.995024
-0.995034
-0.995038
-0.995047
-0.995316
-0.994381
-0.995108
-0.994626
-0.993837
-0.994734
-0.994695
-0.995177
-0.995375
-0.995237
-0.994691
-0.995269
-0.994106
-0.995161
-0.994326
-0.993342
-0.993706
-0.994738
-0.994645
-0.99309
-0.994938
-0.994962
-0.995305
-0.995332
-0.994657
-0.99516
-0.993706
-0.994886
-0.994579
-0.995124
-0.995093
-0.995112
-0.994835
-0.994765
-0.995219
-0.994807
-0.995022
-0.99479
-0.994904
-0.994807
-0.994149
-0.994521
-0.994096
-0.993195
-0.995149
-0.993617
-0.994816
-0.995105
-0.994695
-0.995082
-0.994963
-0.994881
-0.995108
-0.994015
-0.995103
-0.994971
-0.995011
-0.994405
-0.995106
-0.994966
-0.994874
-0.994752
-0.994676
-0.994955
-0.994852
-0.994662
-0.994931
-0.994816
-0.994925
-0.994936
-0.994674
-0.994787
-0.99434
-0.994964
-0.994805
-0.994975
-0.993838
-0.99505
-0.994816
-0.994947
-0.995181
-0.995097
-0.99473
-0.99464
-0.994575
-0.995144
-0.99515
-0.994782
-0.994879
-0.994902
-0.995083
-0.995118
-0.995194
-0.995152
-0.994928
-0.995125
-0.99494
-0.994996
-0.994772
-0.99457
-0.99457
-0.995124
-0.994685
-0.99457
-0.995141
-0.995091
-0.99507
-0.994772
-0.994523
-0.995035
-0.995091
-0.994976
-0.994927
-0.995055
-0.994917
-0.994711
-0.994972
-0.994795
-0.995057
-0.994882
-0.994899
-0.994481
-0.994826
-0.994655
-0.993921
-0.993949
-0.995178
-0.994973
-0.994811
-0.995141
-0.994278
-0.995163
-0.994877
-0.995211
-0.994886
-0.995114
-0.9946
-0.995105
-0.994718
-0.99499
-0.994922
-0.994496
-0.995196
-0.992028
-0.99434
-0.995117
-0.994675
-0.994652
-0.995143
-0.995143
-0.995048
-0.995124
-0.995233
-0.994893
-0.995405
-0.995099
-0.994579
-0.995072
-0.994808
-0.993598
-0.995022
-0.994808
-0.994872
-0.993797
-0.994851
-0.994818
-0.994683
-0.994656
-0.994379
-0.994245
-0.994815
-0.994167
-0.994155
-0.99433
-0.994336
-0.994954
-0.992772
-0.994606
-0.994852
-0.993698
-0.993531
-0.994955
-0.994411
-0.993898
-0.994214
-0.994411
-0.993898
-0.994772
-0.994422
-0.994851
-0.994043
-0.993795
-0.994168
-0.995015
-0.995013
-0.994817
-0.994341
-0.995037
-0.994998
-0.994912
-0.99493
-0.994893
-0.994923
-0.994777
-0.995187
-0.995025
-0.995192
-0.99469
-0.995042
-0.994915
-0.994918
-0.994939
-0.994817
-0.99526
-0.994577
-0.995141
-0.995038
-0.995118
-0.994814
-0.995306
-0.995076
-0.995399
-0.995147
-0.995385
-0.995173
-0.995122
-0.995205
-0.994925
-0.99506
-0.995242
-0.994927
-0.995185
-0.995352
-0.995376
-0.995029
-0.994784
-0.994707
-0.994493
-0.994682
-0.994942
-0.994114
-0.994637
-0.994736
-0.994259
-0.994805
-0.995086
-0.994992
-0.995133
-0.995022
-0.994686
-0.994792
-0.995283
-0.994987
-0.994346
-0.993423
-0.995272
-0.995073
-0.995153
-0.995194
-0.995159
-0.993894
-0.994979
-0.995111
-0.992538
-0.99513
-0.995046
-0.995046
-0.994686
-0.994707
-0.994677
-0.994761
-0.994657
-0.994524
-0.994941
-0.994889
-0.994705
-0.994697
-0.994642
-0.995233
-0.995189
-0.994974
-0.995173
-0.994974
-0.994526
-0.995196
-0.992975
-0.994659
-0.994886
-0.994628
-0.994396
