-0.994987
-0.994469
-0.994062
-0.994624
-0.994624
-0.994928
-0.994644
-0.994843
-0.994136
-0.99468
-0.99468
-0.995103
-0.994902
-0.994658
-0.994724
-0.994958
-0.994658
-0.994624
-0.994624
-0.994658
-0.994705
-0.994657
-0.994582
-0.994624
-0.994505
-0.994931
-0.994693
-0.994574
-0.994627
-0.994429
-0.994695
-0.9945
-0.995081
-0.994734
-0.994677
-0.995154
-0.995168
-0.994938
-0.995226
-0.9948
-0.994682
-0.995062
-0.994745
-0.994682
-0.995008
-0.994849
-0.994734
-0.995063
-0.994682
-0.995125
-0.995104
-0.994742
-0.995164
-0.994745
-0.995089
-0.994544
-0.994802
-0.99437
-0.994734
-0.994332
-0.995168
-0.994861
-0.994636
-0.994125
-0.994781
-0.994576
-0.994402
-0.994631
-0.994926
-0.993325
-0.993818
-0.993805
-0.994536
-0.994649
-0.994705
-0.99513
-0.994045
-0.994643
-0.994752
-0.994508
-0.995239
-0.995011
-0.994725
-0.99498
-0.994529
-0.99472
-0.995049
-0.994965
-0.99464
-0.99472
-0.994518
-0.994624
-0.994624
-0.994853
-0.994421
-0.994443
-0.994583
-0.994624
-0.994624
-0.994702
-0.994443
-0.994665
-0.994878
-0.994421
-0.994624
-0.994624
-0.994624
-0.994624
-0.994127
-0.994734
-0.994007
-0.994394
-0.994867
-0.99402
-0.995004
-0.994614
-0.994024
-0.994623
-0.994775
-0.993718
-0.994415
-0.994607
-0.994783
-0.994341
-0.995024
-0.994281
-0.994463
-0.994992
-0.994602
-0.994394
-0.99477
-0.994485
-0.99487
-0.995073
-0.99491
-0.994846
-0.994621
-0.994736
-0.994913
-0.994776
-0.994261
-0.99476
-0.995022
-0.995045
-0.99496
-0.994788
-0.994761
-0.994304
-0.99466
-0.995082
-0.994681
-0.994901
-0.994228
-0.995107
-0.995101
-0.995035
-0.995299
-0.994956
-0.995193
-0.995329
-0.9952
-0.995091
-0.99476
-0.994841
-0.994581
-0.994458
-0.994637
-0.994692
-0.991982
-0.994529
-0.9948
-0.995074
-0.994357
-0.994536
-0.994853
-0.994749
-0.994248
-0.995032
-0.995001
-0.994434
-0.995096
-0.995036
-0.994599
-0.994579
-0.994471
-0.995002
-0.994374
-0.994875
-0.994117
-0.994953
-0.994556
-0.993793
-0.994782
-0.994475
-0.995
-0.994502
-0.995056
-0.994823
-0.99447
-0.994457
-0.994472
-0.994883
-0.994412
-0.994924
-0.994718
-0.994446
-0.994888
-0.994537
-0.994545
-0.994415
-0.994821
-0.994583
-0.994912
-0.994237
-0.994499
-0.994551
-0.994948
-0.994814
-0.994852
-0.994727
-0.994844
-0.994842
-0.995014
-0.994968
-0.994637
-0.994749
-0.994161
-0.995125
-0.994731
-0.99425
-0.994547
-0.995076
-0.994891
-0.995057
-0.994891
-0.994933
-0.994891
-0.994891
-0.994891
-0.994828
-0.994723
-0.994555
-0.995033
-0.994744
-0.994969
-0.99497
-0.994786
-0.994815
-0.994628
-0.994672
-0.994712
-0.994959
-0.994999
-0.994959
-0.995102
-0.994959
-0.994744
-0.994771
-0.994682
-0.994618
-0.994521
-0.99461
-0.994734
-0.994993
-0.994805
-0.994466
-0.99456
-0.994721
-0.995067
-0.99452
-0.994977
-0.994466
-0.994318
-0.994637
-0.99467
-0.995011
-0.9947
-0.994857
-0.994574
-0.994466
-0.994236
-0.994798
-0.994466
-0.994686
-0.994459
-0.994629
-0.994734
-0.994909
-0.994763
-0.994759
-0.994559
-0.994757
-0.994615
-0.993934
-0.995102
-0.994828
-0.995028
-0.994455
-0.994821
-0.994774
-0.995357
-0.99453
-0.994629
-0.995342
-0.994979
-0.994395
-0.994972
-0.994428
-0.99457
-0.99459
-0.994932
-0.995256
-0.994958
-0.994833
-0.994712
-0.994787
-0.995062
-0.99464
-0.994311
-0.994744
-0.994744
-0.994974
-0.994473
-0.99492
-0.995076
-0.994629
-0.994887
-0.994984
-0.994911
-0.994345
-0.99484
-0.9949
-0.994833
-0.993546
-0.994668
-0.994818
-0.994588
-0.994157
-0.994473
-0.994165
-0.994433
-0.994133
-0.994472
-0.994883
-0.994312
-0.994771
-0.994981
-0.994822
-0.994534
-0.994843
-0.994235
-0.994673
-0.994536
-0.994801
-0.993891
-0.994753
-0.994769
-0.994727
-0.994283
-0.995086
-0.994256
-0.994834
-0.994286
-0.995143
-0.994422
-0.995007
-0.994426
-0.995123
-0.995075
-0.994539
-0.994754
-0.995005
-0.995005
-0.99448
-0.994616
-0.9927
-0.994762
-0.994544
-0.994649
-0.994542
-0.994596
-0.994684
-0.994983
-0.994804
-0.994656
-0.994984
-0.994528
-0.994855
-0.994439
-0.99483
-0.99471
-0.994519
-0.992463
-0.995158
-0.995026
-0.994408
-0.994163
-0.994474
-0.994408
-0.994504
-0.994729
-0.994631
-0.995066
-0.994643
-0.994532
-0.993882
-0.994802
-0.994696
-0.994376
-0.994372
-0.994889
-0.994583
-0.994925
-0.994428
-0.994376
-0.994428
-0.994218
-0.993907
-0.993907
-0.994428
-0.993907
-0.994332
-0.994316
-0.994068
-0.994376
-0.994376
-0.994376
-0.994428
-0.994634
-0.994376
-0.993907
-0.994428
-0.994921
-0.99504
-0.995112
-0.995086
-0.995199
-0.995002
-0.995373
-0.994895
-0.994663
-0.995012
-0.995002
-0.994682
-0.994847
-0.995217
-0.994593
-0.994546
-0.994014
-0.994647
-0.994581
-0.994889
-0.994676
-0.995226
-0.994726
-0.99465
-0.994324
-0.993982
-0.994324
-0.994684
-0.994315
-0.994514
-0.994692
-0.994732
-0.995134
-0.995134
-0.995081
-0.994717
-0.995216
-0.994704
-0.994587
-0.994585
-0.994585
-0.99473
-0.99455
-0.994537
-0.994763
-0.995092
-0.995101
-0.995078
-0.995189
-0.994605
-0.995243
-0.99468
-0.994936
-0.994999
-0.994832
-0.995057
-0.994561
-0.99419
-0.994461
-0.993557
-0.994623
-0.994986
-0.994917
-0.994902
-0.994743
-0.994572
-0.994744
-0.994597
-0.994639
-0.994569
-0.99471
-0.99467
-0.994782
-0.994588
-0.994458
-0.994574
-0.994414
-0.994588
-0.994321
-0.994541
-0.995021
-0.995096
-0.9943
-0.994622
-0.994428
-0.995031
-0.99457
-0.995011
-0.994976
-0.99435
-0.995019
-0.994638
-0.99512
-0.994931
-0.99499
-0.994532
-0.994303
-0.994191
-0.994575
-0.994302
-0.994989
-0.994259
-0.994612
-0.994736
-0.994473
-0.994209
-0.99496
-0.994633
-0.99413
-0.994479
-0.995104
-0.994694
-0.99467
-0.99455
-0.994601
-0.994256
-0.994704
-0.99489
-0.994396
-0.995176
-0.994861
-0.995133
-0.994728
-0.995047
-0.994363
-0.994511
-0.995139
-0.994903
-0.995019
-0.994834
-0.994781
-0.994353
-0.994543
-0.994803
-0.994488
-0.994355
-0.994752
-0.994511
-0.994595
-0.99461
-0.994921
-0.994934
-0.994703
-0.994595
-0.994861
-0.994961
-0.994879
-0.994715
-0.994507
-0.994849
-0.995051
-0.994629
-0.994962
-0.994857
-0.994798
-0.993537
-0.995055
-0.994739
-0.994529
-0.995198
-0.994587
-0.99492
-0.994333
-0.994608
-0.995191
-0.99483
-0.995085
-0.994884
-0.994893
-0.994752
-0.994913
-0.994708
-0.994911
-0.994879
-0.995131
-0.99515
-0.994922
-0.994666
-0.994909
-0.995013
-0.994758
-0.994909
-0.994801
-0.994981
-0.994808
-0.994983
-0.99524
-0.99479
-0.995005
-0.995081
-0.994909
-0.995261
-0.994987
-0.994799
-0.993375
-0.994695
-0.994821
-0.994888
-0.994464
-0.994734
-0.994888
-0.994617
-0.994307
-0.994663
-0.994504
-0.994563
-0.994668
-0.994568
-0.994436
-0.995123
-0.994193
-0.995127
-0.994141
-0.994979
-0.995018
-0.993991
-0.994991
-0.994572
-0.995172
-0.994837
-0.994676
-0.99527
-0.994685
-0.995049
-0.994425
-0.994912
-0.99479
-0.995176
-0.995041
-0.994862
-0.995195
-0.994987
-0.995018
-0.994927
-0.993679
-0.995049
-0.99374
-0.994421
-0.994259
-0.994636
-0.994835
-0.99477
-0.994594
-0.994507
-0.994267
-0.9949
-0.994321
-0.994511
-0.994978
-0.994852
-0.994208
-0.994855
-0.994335
-0.994254
-0.994527
-0.994515
-0.99475
-0.994828
-0.994838
-0.994937
-0.994243
-0.994596
-0.994577
-0.994868
-0.994737
-0.994961
-0.994697
-0.994803
-0.994896
-0.995011
-0.994874
-0.995168
-0.994792
-0.994941
-0.994995
-0.994916
-0.995196
-0.995086
-0.995135
-0.994971
-0.995116
-0.995046
-0.9945
-0.995082
-0.99509
-0.995136
-0.995234
-0.995223
-0.995072
-0.995058
-0.992973
-0.994971
-0.993994
-0.993483
-0.994017
-0.994489
-0.994618
-0.992926
-0.995102
-0.994891
-0.994997
-0.995052
-0.99468
-0.994975
-0.994017
-0.993913
-0.99474
-0.995149
-0.995197
-0.995021
-0.99477
-0.994332
-0.995221
-0.994767
-0.995055
-0.994917
-0.9951
-0.995026
-0.994632
-0.994615
-0.994407
-0.993225
-0.994899
-0.993204
-0.995055
-0.994967
-0.994949
-0.994903
-0.995007
-0.994752
-0.995147
-0.993804
-0.995107
-0.994976
-0.994771
-0.993933
-0.994756
-0.994613
-0.994303
-0.994843
-0.994269
-0.995046
-0.994843
-0.994618
-0.994611
-0.994731
-0.994666
-0.994732
-0.994962
-0.994578
-0.994539
-0.994688
-0.994922
-0.995145
-0.99417
-0.994687
-0.994666
-0.994737
-0.995009
-0.994905
-0.99481
-0.994964
-0.994523
-0.99508
-0.994612
-0.994603
-0.995006
-0.994539
-0.994113
-0.99519
-0.994964
-0.99528
-0.994929
-0.995068
-0.994821
-0.994764
-0.994843
-0.994718
-0.994718
-0.994807
-0.994755
-0.994718
-0.99514
-0.995146
-0.995117
-0.994807
-0.99508
-0.994843
-0.994764
-0.995038
-0.99469
-0.994903
-0.994753
-0.994711
-0.994753
-0.994867
-0.995144
-0.994619
-0.995126
-0.994595
-0.99508
-0.995173
-0.994378
-0.994246
-0.995069
-0.995255
-0.99474
-0.995118
-0.994971
-0.995304
-0.99461
-0.995012
-0.994804
-0.994672
-0.994562
-0.995084
-0.994507
-0.99517
-0.994728
-0.995013
-0.994791
-0.993125
-0.994489
-0.994856
-0.994143
-0.994959
-0.994953
-0.994953
-0.994775
-0.995259
-0.994709
-0.995023
-0.994876
-0.995297
-0.994719
-0.994967
-0.994853
-0.994268
-0.994994
-0.994549
-0.995073
-0.994808
-0.994511
-0.995043
-0.994411
-0.994491
-0.994527
-0.995019
-0.99539
-0.995171
-0.994704
-0.995186
-0.994584
-0.995295
-0.994366
-0.99511
-0.995232
-0.994734
-0.994928
-0.995208
-0.994971
-0.994356
-0.994817
-0.994971
-0.994356
-0.994399
-0.994062
-0.994774
-0.995115
-0.994388
-0.994134
-0.995094
-0.995127
-0.994848
-0.994808
-0.994748
-0.994549
-0.994618
-0.994879
-0.994909
-0.994833
-0.994672
-0.994944
-0.99491
-0.994963
-0.994788
-0.994716
-0.995189
-0.995333
-0.994753
-0.994993
-0.995249
-0.994775
-0.995055
-0.994955
-0.995129
-0.994889
-0.995344
-0.995036
-0.995294
-0.995207
-0.995003
-0.994811
-0.995036
-0.995321
-0.99514
-0.994752
-0.99531
-0.995108
-0.995233
-0.995324
-0.995256
-0.99526
-0.994678
-0.994989
-0.994813
-0.994848
-0.994539
-0.994611
-0.994984
-0.994711
-0.995082
-0.995095
-0.994664
-0.994534
-0.99495
-0.995018
-0.994751
-0.994878
-0.994456
-0.994595
-0.994707
-0.994257
-0.994659
-0.995161
-0.995116
-0.995198
-0.994874
-0.994169
-0.994744
-0.994997
-0.993821
-0.995132
-0.995213
-0.995065
-0.994713
-0.994574
-0.994544
-0.994652
-0.994466
-0.994653
-0.99477
-0.99464
-0.994813
-0.99474
-0.994646
-0.995209
-0.995081
-0.995141
-0.995257
-0.994798
-0.994736
-0.99437
-0.994049
-0.994265
-0.994354
-0.994656
-0.994516
