-0.995219
-0.995078
-0.994244
-0.994707
-0.994707
-0.994901
-0.995046
-0.99491
-0.994401
-0.994693
-0.994833
-0.995086
-0.995106
-0.994716
-0.994729
-0.99513
-0.994516
-0.994707
-0.994707
-0.994715
-0.994929
-0.994922
-0.994561
-0.994707
-0.994866
-0.995064
-0.995332
-0.994949
-0.994908
-0.994417
-0.995189
-0.99497
-0.995393
-0.994829
-0.994975
-0.995304
-0.995396
-0.995139
-0.995371
-0.994914
-0.995149
-0.995286
-0.995149
-0.995149
-0.995283
-0.995242
-0.995112
-0.995257
-0.995175
-0.995409
-0.99522
-0.995018
-0.995405
-0.995159
-0.995518
-0.995186
-0.995103
-0.994426
-0.994829
-0.995161
-0.995334
-0.995151
-0.995106
-0.994193
-0.994866
-0.994527
-0.994661
-0.994708
-0.994966
-0.993445
-0.994522
-0.994024
-0.99522
-0.995424
-0.99481
-0.99544
-0.994726
-0.994837
-0.995226
-0.995029
-0.995713
-0.995292
-0.995028
-0.995213
-0.995002
-0.995002
-0.995296
-0.995118
-0.994932
-0.99498
-0.994481
-0.994753
-0.994753
-0.995064
-0.994568
-0.994546
-0.994546
-0.99463
-0.994753
-0.994888
-0.994546
-0.994861
-0.995151
-0.994551
-0.994753
-0.994753
-0.99463
-0.994753
-0.99456
-0.995227
-0.994191
-0.994813
-0.995274
-0.994485
-0.995138
-0.994869
-0.994556
-0.994819
-0.995
-0.994429
-0.994711
-0.995246
-0.995322
-0.994944
-0.995362
-0.995347
-0.995181
-0.9954
-0.994702
-0.994857
-0.995191
-0.994973
-0.995283
-0.995643
-0.995358
-0.995258
-0.994879
-0.994922
-0.995376
-0.995278
-0.994602
-0.995405
-0.995438
-0.995319
-0.995298
-0.995184
-0.995019
-0.994778
-0.994938
-0.995399
-0.994913
-0.995203
-0.993752
-0.995363
-0.995063
-0.995223
-0.99559
-0.995319
-0.995462
-0.995478
-0.995496
-0.99517
-0.994907
-0.995183
-0.995044
-0.995137
-0.995214
-0.99536
-0.991984
-0.995237
-0.995346
-0.995282
-0.994527
-0.994829
-0.995133
-0.995129
-0.995234
-0.995469
-0.995357
-0.995332
-0.995332
-0.995212
-0.994795
-0.995173
-0.995384
-0.995356
-0.995103
-0.995255
-0.994625
-0.995602
-0.995325
-0.994854
-0.995049
-0.99468
-0.995528
-0.995294
-0.99541
-0.995482
-0.995264
-0.995154
-0.994787
-0.995238
-0.995286
-0.995428
-0.994963
-0.995174
-0.995603
-0.995234
-0.995012
-0.994869
-0.995305
-0.995389
-0.995404
-0.99399
-0.994754
-0.994627
-0.994993
-0.994989
-0.994988
-0.994851
-0.995154
-0.994954
-0.995445
-0.994942
-0.995227
-0.995091
-0.995046
-0.995484
-0.995032
-0.994975
-0.995208
-0.995291
-0.995218
-0.99536
-0.995218
-0.995226
-0.995218
-0.995218
-0.995218
-0.995183
-0.995138
-0.99476
-0.99542
-0.995179
-0.995333
-0.995253
-0.99526
-0.995312
-0.995026
-0.994908
-0.995067
-0.99528
-0.995293
-0.995293
-0.99546
-0.995279
-0.99507
-0.995183
-0.99516
-0.995051
-0.994868
-0.995188
-0.9951
-0.995236
-0.99493
-0.99449
-0.994549
-0.99484
-0.995144
-0.994598
-0.99521
-0.99449
-0.994463
-0.994734
-0.99476
-0.994979
-0.994645
-0.994773
-0.994652
-0.99449
-0.995039
-0.995306
-0.99449
-0.994713
-0.994467
-0.994912
-0.9951
-0.995053
-0.995121
-0.994736
-0.994852
-0.995285
-0.99448
-0.994771
-0.995149
-0.995447
-0.99537
-0.995014
-0.995293
-0.995357
-0.995531
-0.994031
-0.995298
-0.995541
-0.994948
-0.994989
-0.994816
-0.99483
-0.995327
-0.995159
-0.994702
-0.99526
-0.995338
-0.995171
-0.995088
-0.99503
-0.995091
-0.995007
-0.994237
-0.994864
-0.994864
-0.995153
-0.994864
-0.99514
-0.995176
-0.995174
-0.995079
-0.995528
-0.995204
-0.994985
-0.995198
-0.995339
-0.994983
-0.99397
-0.995212
-0.994902
-0.994872
-0.994427
-0.994811
-0.994288
-0.994438
-0.994542
-0.994335
-0.99525
-0.994656
-0.994742
-0.994742
-0.994968
-0.994418
-0.995258
-0.994628
-0.994733
-0.994597
-0.994915
-0.994382
-0.995188
-0.994985
-0.994769
-0.994536
-0.995445
-0.994947
-0.994975
-0.995059
-0.99542
-0.995183
-0.995266
-0.995194
-0.995396
-0.995275
-0.99445
-0.994762
-0.995223
-0.995347
-0.995016
-0.994042
-0.993095
-0.995338
-0.994836
-0.994696
-0.995129
-0.995159
-0.994909
-0.995164
-0.995382
-0.99479
-0.99532
-0.995039
-0.995357
-0.995064
-0.995017
-0.995067
-0.995074
-0.992344
-0.995461
-0.995063
-0.995162
-0.994921
-0.994895
-0.994971
-0.99504
-0.995209
-0.995035
-0.995135
-0.995047
-0.995266
-0.994686
-0.995035
-0.994971
-0.994929
-0.994939
-0.995143
-0.995072
-0.995323
-0.995028
-0.994976
-0.995028
-0.994722
-0.994344
-0.994344
-0.995028
-0.994344
-0.994804
-0.994903
-0.994651
-0.994976
-0.995079
-0.994976
-0.994903
-0.995288
-0.994976
-0.994344
-0.99491
-0.995318
-0.99535
-0.995325
-0.99553
-0.99556
-0.995328
-0.995637
-0.995297
-0.994852
-0.995514
-0.99537
-0.995261
-0.995489
-0.995448
-0.995267
-0.995107
-0.994777
-0.995123
-0.994607
-0.994882
-0.994786
-0.995443
-0.995124
-0.994607
-0.994672
-0.995073
-0.994672
-0.995319
-0.995244
-0.995108
-0.994998
-0.995082
-0.995546
-0.995555
-0.995493
-0.994809
-0.995341
-0.995241
-0.995178
-0.995065
-0.995065
-0.995297
-0.995037
-0.995094
-0.995059
-0.995424
-0.995431
-0.99538
-0.994941
-0.995011
-0.995142
-0.994801
-0.995302
-0.995357
-0.995151
-0.994993
-0.994877
-0.994335
-0.994717
-0.994726
-0.995174
-0.995051
-0.994883
-0.994856
-0.995065
-0.994894
-0.99517
-0.994738
-0.994767
-0.99446
-0.995002
-0.994411
-0.99504
-0.994742
-0.994615
-0.994846
-0.994651
-0.994741
-0.994292
-0.995294
-0.995422
-0.995558
-0.995023
-0.995436
-0.995287
-0.995399
-0.994991
-0.995302
-0.995356
-0.995079
-0.995422
-0.995042
-0.995676
-0.995078
-0.995019
-0.994652
-0.994826
-0.994578
-0.995112
-0.994957
-0.994748
-0.994908
-0.995115
-0.99493
-0.995219
-0.994604
-0.995359
-0.994773
-0.994744
-0.99494
-0.995325
-0.995091
-0.99498
-0.994492
-0.99453
-0.994785
-0.99485
-0.994819
-0.994554
-0.995233
-0.995169
-0.995629
-0.99464
-0.994754
-0.994812
-0.994667
-0.9954
-0.994984
-0.995227
-0.995169
-0.994893
-0.994776
-0.994948
-0.99518
-0.994856
-0.994629
-0.995106
-0.994778
-0.994852
-0.994958
-0.995211
-0.995313
-0.99504
-0.994852
-0.995215
-0.995169
-0.995208
-0.994943
-0.995
-0.995211
-0.995242
-0.995095
-0.995031
-0.99506
-0.995154
-0.994009
-0.995205
-0.994964
-0.994896
-0.995572
-0.995204
-0.995321
-0.994845
-0.99497
-0.995425
-0.994841
-0.99535
-0.995194
-0.995223
-0.994874
-0.99495
-0.995253
-0.995368
-0.995006
-0.995316
-0.995418
-0.995082
-0.994813
-0.995165
-0.995247
-0.995075
-0.995499
-0.99518
-0.99514
-0.994946
-0.995044
-0.995484
-0.994973
-0.995254
-0.99531
-0.995017
-0.995475
-0.995127
-0.995353
-0.994457
-0.994857
-0.994828
-0.994968
-0.994752
-0.994829
-0.99534
-0.994873
-0.99456
-0.995281
-0.99507
-0.995271
-0.995319
-0.995238
-0.994987
-0.995362
-0.995059
-0.995157
-0.994908
-0.995117
-0.995178
-0.994497
-0.995093
-0.995251
-0.995484
-0.995504
-0.995416
-0.995646
-0.994763
-0.995321
-0.99531
-0.995216
-0.994983
-0.995294
-0.995215
-0.994974
-0.995289
-0.99517
-0.995178
-0.995089
-0.994551
-0.995221
-0.994882
-0.995228
-0.995262
-0.995315
-0.995203
-0.995343
-0.995256
-0.995291
-0.995022
-0.995343
-0.995066
-0.995237
-0.995418
-0.99504
-0.994885
-0.994971
-0.995077
-0.995207
-0.995357
-0.995227
-0.99506
-0.995028
-0.995198
-0.995289
-0.995084
-0.995243
-0.995429
-0.995513
-0.995531
-0.995513
-0.995416
-0.995549
-0.99555
-0.995712
-0.995561
-0.995689
-0.995493
-0.995484
-0.995659
-0.995607
-0.995691
-0.995501
-0.995685
-0.995428
-0.995629
-0.995556
-0.994898
-0.995575
-0.995607
-0.995634
-0.995692
-0.995693
-0.995574
-0.995709
-0.99429
-0.995259
-0.994919
-0.994352
-0.994262
-0.995185
-0.995097
-0.993689
-0.995655
-0.99538
-0.99549
-0.995504
-0.995351
-0.995549
-0.994262
-0.99499
-0.995279
-0.995633
-0.995617
-0.995529
-0.995399
-0.995302
-0.99561
-0.995508
-0.995523
-0.995526
-0.99549
-0.99561
-0.995234
-0.995232
-0.994874
-0.994184
-0.995243
-0.994081
-0.995271
-0.995381
-0.995164
-0.995205
-0.995279
-0.995196
-0.995448
-0.994629
-0.995357
-0.995347
-0.995258
-0.994921
-0.995084
-0.995401
-0.99499
-0.9952
-0.995179
-0.995535
-0.995282
-0.995093
-0.995132
-0.995147
-0.995215
-0.995253
-0.995346
-0.995146
-0.994939
-0.995357
-0.99524
-0.995562
-0.994624
-0.995504
-0.995147
-0.995444
-0.995617
-0.995341
-0.995319
-0.995227
-0.994853
-0.995557
-0.995341
-0.995363
-0.995536
-0.99523
-0.995369
-0.995468
-0.995169
-0.995536
-0.99515
-0.995169
-0.995311
-0.995258
-0.994971
-0.994956
-0.994956
-0.995114
-0.995074
-0.994835
-0.995469
-0.995449
-0.99539
-0.994829
-0.995364
-0.995114
-0.995283
-0.995446
-0.995079
-0.9953
-0.995143
-0.99525
-0.995143
-0.99528
-0.995619
-0.995397
-0.99536
-0.995152
-0.995237
-0.995301
-0.99479
-0.994458
-0.995268
-0.995491
-0.995385
-0.99543
-0.99518
-0.995523
-0.9954
-0.99518
-0.995465
-0.995244
-0.995264
-0.995537
-0.99519
-0.995426
-0.995313
-0.995179
-0.99538
-0.993358
-0.994944
-0.995458
-0.995143
-0.995508
-0.995301
-0.995301
-0.995336
-0.995523
-0.995526
-0.995349
-0.995533
-0.995707
-0.994929
-0.995265
-0.995046
-0.994232
-0.995316
-0.995125
-0.99538
-0.994743
-0.99508
-0.995348
-0.994947
-0.995105
-0.99519
-0.995598
-0.99575
-0.995248
-0.994694
-0.995304
-0.994784
-0.995475
-0.993949
-0.995052
-0.995361
-0.994665
-0.994828
-0.995394
-0.995211
-0.995193
-0.994782
-0.995211
-0.995193
-0.995058
-0.994859
-0.995286
-0.995273
-0.995308
-0.994644
-0.995467
-0.995488
-0.995464
-0.99513
-0.995413
-0.99507
-0.995246
-0.995305
-0.995158
-0.99526
-0.995414
-0.995321
-0.995128
-0.99538
-0.995159
-0.995015
-0.995558
-0.995586
-0.995102
-0.995436
-0.995555
-0.994982
-0.995401
-0.995411
-0.995393
-0.995289
-0.995731
-0.995638
-0.995529
-0.995334
-0.995552
-0.995501
-0.99547
-0.995591
-0.995374
-0.995487
-0.995607
-0.995376
-0.995478
-0.995625
-0.995535
-0.995543
-0.995346
-0.995407
-0.995352
-0.995285
-0.995362
-0.995041
-0.995258
-0.995272
-0.995303
-0.995472
-0.995336
-0.99521
-0.995411
-0.995373
-0.995121
-0.995183
-0.995237
-0.995177
-0.995149
-0.994218
-0.99526
-0.995406
-0.995335
-0.995481
-0.995394
-0.995081
-0.995196
-0.995413
-0.993781
-0.995384
-0.995372
-0.995354
-0.994763
-0.994942
-0.994924
-0.994942
-0.99487
-0.994926
-0.995192
-0.995159
-0.994996
-0.995112
-0.995216
-0.995647
-0.995242
-0.995209
-0.995349
-0.995489
-0.995317
-0.99539
-0.994366
-0.995179
-0.995112
-0.99524
-0.995099
