-0.993572
-0.993724
-0.992821
-0.993401
-0.993401
-0.993504
-0.993707
-0.993407
-0.993099
-0.993169
-0.993447
-0.993768
-0.9936
-0.99337
-0.993266
-0.993325
-0.993233
-0.993401
-0.993401
-0.99337
-0.993636
-0.993541
-0.993072
-0.993401
-0.99345
-0.993597
-0.993933
-0.993643
-0.993302
-0.992975
-0.993853
-0.993583
-0.994072
-0.993489
-0.993611
-0.993977
-0.994052
-0.993807
-0.994057
-0.99358
-0.993782
-0.993955
-0.993782
-0.993782
-0.993907
-0.99396
-0.993347
-0.993916
-0.993769
-0.994103
-0.993896
-0.993648
-0.993947
-0.993845
-0.994222
-0.993786
-0.993744
-0.99308
-0.993489
-0.993771
-0.993985
-0.993797
-0.993788
-0.992763
-0.993643
-0.993222
-0.993409
-0.993415
-0.993219
-0.99179
-0.993049
-0.992511
-0.993829
-0.993962
-0.993616
-0.994059
-0.993059
-0.993462
-0.993894
-0.993391
-0.994388
-0.993909
-0.993724
-0.99389
-0.993705
-0.993698
-0.993963
-0.993812
-0.993621
-0.993648
-0.993263
-0.993358
-0.993358
-0.993758
-0.993208
-0.993181
-0.993181
-0.993198
-0.993358
-0.993564
-0.993181
-0.993366
-0.993914
-0.993207
-0.993358
-0.993358
-0.993198
-0.993358
-0.993044
-0.993709
-0.992803
-0.993588
-0.993773
-0.993268
-0.993908
-0.993517
-0.993256
-0.993435
-0.993495
-0.992799
-0.993421
-0.993843
-0.993837
-0.993519
-0.993967
-0.993925
-0.993739
-0.994016
-0.993429
-0.993622
-0.993693
-0.993628
-0.993796
-0.994342
-0.993823
-0.993784
-0.993377
-0.993619
-0.994097
-0.993847
-0.992506
-0.993865
-0.994245
-0.993909
-0.993706
-0.993593
-0.993327
-0.993098
-0.99329
-0.993876
-0.993373
-0.993837
-0.993037
-0.993898
-0.993634
-0.99373
-0.994213
-0.993837
-0.993957
-0.993945
-0.994075
-0.993739
-0.993373
-0.993458
-0.993605
-0.993698
-0.993828
-0.993946
-0.990062
-0.993851
-0.993996
-0.993941
-0.993184
-0.993435
-0.993836
-0.993833
-0.993619
-0.994017
-0.993839
-0.993838
-0.993974
-0.993725
-0.993405
-0.993376
-0.993922
-0.993924
-0.993701
-0.99387
-0.993141
-0.994062
-0.993901
-0.993151
-0.993605
-0.9929
-0.994145
-0.993768
-0.993989
-0.994129
-0.993738
-0.993754
-0.99341
-0.993756
-0.993829
-0.993907
-0.993497
-0.993671
-0.994018
-0.993751
-0.993689
-0.993502
-0.993819
-0.993966
-0.993941
-0.99254
-0.9933
-0.993241
-0.99363
-0.993675
-0.993655
-0.993519
-0.99377
-0.993618
-0.993932
-0.993458
-0.993716
-0.993627
-0.993194
-0.993986
-0.993603
-0.993457
-0.99343
-0.993959
-0.993735
-0.994018
-0.993846
-0.993835
-0.993846
-0.993846
-0.993846
-0.993853
-0.993845
-0.993305
-0.994028
-0.993839
-0.993927
-0.993986
-0.993942
-0.993974
-0.993536
-0.993612
-0.99376
-0.993932
-0.994016
-0.994016
-0.994088
-0.993947
-0.993612
-0.993853
-0.993792
-0.99371
-0.993373
-0.993704
-0.993408
-0.993848
-0.993502
-0.992961
-0.993026
-0.993354
-0.993779
-0.993085
-0.993798
-0.992961
-0.992925
-0.993148
-0.993283
-0.99342
-0.993155
-0.993241
-0.993163
-0.992961
-0.993526
-0.994027
-0.992961
-0.993246
-0.992991
-0.99351
-0.993408
-0.993807
-0.993662
-0.993403
-0.993391
-0.993952
-0.993163
-0.993341
-0.993801
-0.994112
-0.994062
-0.993518
-0.993983
-0.994018
-0.994331
-0.992665
-0.993965
-0.99428
-0.993577
-0.993482
-0.993319
-0.99324
-0.993975
-0.993856
-0.993263
-0.994037
-0.993909
-0.993752
-0.993665
-0.993632
-0.993824
-0.993489
-0.992687
-0.993399
-0.993399
-0.993662
-0.993372
-0.993714
-0.993749
-0.993627
-0.993652
-0.994078
-0.993683
-0.993501
-0.99358
-0.993917
-0.993631
-0.992082
-0.993906
-0.993719
-0.993605
-0.993112
-0.99351
-0.992893
-0.993066
-0.99318
-0.993074
-0.993783
-0.993376
-0.993521
-0.993521
-0.993618
-0.993015
-0.993785
-0.993311
-0.99319
-0.993148
-0.993549
-0.992954
-0.993658
-0.993579
-0.993365
-0.993063
-0.993989
-0.993353
-0.993631
-0.993269
-0.993856
-0.993192
-0.993692
-0.993645
-0.993785
-0.993804
-0.993065
-0.993586
-0.993694
-0.993911
-0.993718
-0.992939
-0.990658
-0.99376
-0.993453
-0.99313
-0.993695
-0.993842
-0.993455
-0.993748
-0.993878
-0.993426
-0.993872
-0.993495
-0.993873
-0.993688
-0.993741
-0.993764
-0.993636
-0.99039
-0.99412
-0.993623
-0.993615
-0.993442
-0.993728
-0.993577
-0.993521
-0.993846
-0.993763
-0.993939
-0.993694
-0.993865
-0.993319
-0.993388
-0.993626
-0.993488
-0.993577
-0.993822
-0.993561
-0.993924
-0.993585
-0.993546
-0.993585
-0.99335
-0.992808
-0.992808
-0.993585
-0.992808
-0.993409
-0.993413
-0.993227
-0.993546
-0.993618
-0.993546
-0.993413
-0.993878
-0.993546
-0.992808
-0.993546
-0.993679
-0.993925
-0.993858
-0.993882
-0.99408
-0.993825
-0.994327
-0.993834
-0.993561
-0.994064
-0.993977
-0.993831
-0.993918
-0.993978
-0.993929
-0.993276
-0.993015
-0.993734
-0.993451
-0.993743
-0.993363
-0.993947
-0.993861
-0.993451
-0.993478
-0.993324
-0.993478
-0.99389
-0.993461
-0.993609
-0.993658
-0.993748
-0.994242
-0.99424
-0.994177
-0.993575
-0.994066
-0.993854
-0.993691
-0.993563
-0.993527
-0.993901
-0.993545
-0.993563
-0.993558
-0.993954
-0.993966
-0.99391
-0.99372
-0.993676
-0.993919
-0.993446
-0.993821
-0.993929
-0.993665
-0.993634
-0.993194
-0.992828
-0.993311
-0.99325
-0.993794
-0.993649
-0.993468
-0.993459
-0.993732
-0.99337
-0.993765
-0.993304
-0.993189
-0.993241
-0.99353
-0.992985
-0.993671
-0.993605
-0.993254
-0.993646
-0.993425
-0.993626
-0.993231
-0.993803
-0.993983
-0.994091
-0.993379
-0.99396
-0.993576
-0.994022
-0.993476
-0.993899
-0.993899
-0.993599
-0.994124
-0.993694
-0.994372
-0.993668
-0.9938
-0.99344
-0.993477
-0.993483
-0.993815
-0.993519
-0.993504
-0.993559
-0.993753
-0.993525
-0.993825
-0.993152
-0.994012
-0.993563
-0.993411
-0.99362
-0.993993
-0.993726
-0.993655
-0.993163
-0.993247
-0.993447
-0.993466
-0.993659
-0.993309
-0.994056
-0.99386
-0.994411
-0.99342
-0.993527
-0.993237
-0.993003
-0.994039
-0.993481
-0.99375
-0.993806
-0.993263
-0.99317
-0.993449
-0.993746
-0.993307
-0.992973
-0.993645
-0.993195
-0.993294
-0.993502
-0.9938
-0.99391
-0.993567
-0.993294
-0.993807
-0.993669
-0.993672
-0.993448
-0.993494
-0.993821
-0.993822
-0.993665
-0.993577
-0.99359
-0.993819
-0.992589
-0.993945
-0.993577
-0.993691
-0.994331
-0.993834
-0.993937
-0.993395
-0.993368
-0.994175
-0.993559
-0.993994
-0.993664
-0.993286
-0.993625
-0.993727
-0.99397
-0.993989
-0.993464
-0.993889
-0.993997
-0.993563
-0.993248
-0.99363
-0.993802
-0.993578
-0.994146
-0.993386
-0.993641
-0.993369
-0.993539
-0.994113
-0.993425
-0.993788
-0.993822
-0.99345
-0.994132
-0.993829
-0.993964
-0.992931
-0.993271
-0.993238
-0.993638
-0.993186
-0.993308
-0.993946
-0.993371
-0.99303
-0.993994
-0.993495
-0.993936
-0.993889
-0.993962
-0.993637
-0.993986
-0.993516
-0.993845
-0.993471
-0.993782
-0.993821
-0.992897
-0.994029
-0.993883
-0.994182
-0.994185
-0.994079
-0.994314
-0.993428
-0.993884
-0.993798
-0.993778
-0.993777
-0.99402
-0.993887
-0.993589
-0.994009
-0.993606
-0.993838
-0.993743
-0.993076
-0.993937
-0.993139
-0.993303
-0.993785
-0.993869
-0.993753
-0.993843
-0.993805
-0.99379
-0.99332
-0.993808
-0.993471
-0.993704
-0.993983
-0.993446
-0.99328
-0.993493
-0.99349
-0.993644
-0.993862
-0.993688
-0.993499
-0.993429
-0.993598
-0.993871
-0.993264
-0.993787
-0.993845
-0.994151
-0.994048
-0.994086
-0.993905
-0.994036
-0.993995
-0.994194
-0.994114
-0.99435
-0.993826
-0.993978
-0.994205
-0.994162
-0.994344
-0.99396
-0.994175
-0.993839
-0.99411
-0.993953
-0.993154
-0.994033
-0.994094
-0.994119
-0.994177
-0.994219
-0.994013
-0.994291
-0.992501
-0.993816
-0.993233
-0.992591
-0.992829
-0.993745
-0.993688
-0.991675
-0.994272
-0.994025
-0.994046
-0.99409
-0.993911
-0.994136
-0.992829
-0.993434
-0.993765
-0.994246
-0.994174
-0.994094
-0.993961
-0.993803
-0.994152
-0.994087
-0.994114
-0.994132
-0.99404
-0.994205
-0.99381
-0.993828
-0.993405
-0.992565
-0.993657
-0.992137
-0.993792
-0.993832
-0.993777
-0.993493
-0.993931
-0.993737
-0.993958
-0.992706
-0.993992
-0.993904
-0.993669
-0.993282
-0.993438
-0.994125
-0.993201
-0.99379
-0.993919
-0.994252
-0.993975
-0.993761
-0.993733
-0.993792
-0.993821
-0.99389
-0.994039
-0.993767
-0.993613
-0.994028
-0.993929
-0.994271
-0.992806
-0.994185
-0.993792
-0.994084
-0.994286
-0.993933
-0.993949
-0.993901
-0.993385
-0.994193
-0.993897
-0.993981
-0.994153
-0.993644
-0.993749
-0.994005
-0.993663
-0.994177
-0.993512
-0.993663
-0.993867
-0.993854
-0.99364
-0.993542
-0.993541
-0.993797
-0.993652
-0.993443
-0.994066
-0.994018
-0.993978
-0.99353
-0.993912
-0.993797
-0.99388
-0.994005
-0.99362
-0.993885
-0.993613
-0.993843
-0.993702
-0.993784
-0.994168
-0.993844
-0.993854
-0.99367
-0.993679
-0.993734
-0.993117
-0.992869
-0.993786
-0.994025
-0.993994
-0.993989
-0.993717
-0.994046
-0.993981
-0.993735
-0.994035
-0.993861
-0.993679
-0.993932
-0.993716
-0.993878
-0.994068
-0.993682
-0.993794
-0.991608
-0.993621
-0.99398
-0.993609
-0.994066
-0.994125
-0.994125
-0.993953
-0.994355
-0.994175
-0.994093
-0.99415
-0.994409
-0.993595
-0.993868
-0.993696
-0.993046
-0.993951
-0.993527
-0.994017
-0.993478
-0.993489
-0.993931
-0.993658
-0.993554
-0.993753
-0.994234
-0.994408
-0.99412
-0.993508
-0.994032
-0.993234
-0.994129
-0.99248
-0.993749
-0.994004
-0.993374
-0.993568
-0.994074
-0.993777
-0.993559
-0.993498
-0.993777
-0.993559
-0.993121
-0.99326
-0.993882
-0.993871
-0.993944
-0.993026
-0.994164
-0.994169
-0.99415
-0.993813
-0.994097
-0.993485
-0.993911
-0.994007
-0.993804
-0.993895
-0.99413
-0.99392
-0.993794
-0.993887
-0.993656
-0.993395
-0.994156
-0.994134
-0.993681
-0.994072
-0.994203
-0.993362
-0.994034
-0.993962
-0.993997
-0.993797
-0.994327
-0.994234
-0.994094
-0.99392
-0.99413
-0.994106
-0.99398
-0.994102
-0.993924
-0.994124
-0.994176
-0.993906
-0.994001
-0.994215
-0.994052
-0.994114
-0.993934
-0.994034
-0.993971
-0.993916
-0.993964
-0.99362
-0.993921
-0.993925
-0.993948
-0.994182
-0.993901
-0.993745
-0.994071
-0.993946
-0.993926
-0.993729
-0.993712
-0.993678
-0.993699
-0.99287
-0.993833
-0.994074
-0.994014
-0.994163
-0.994049
-0.993807
-0.993968
-0.994011
-0.992027
-0.994098
-0.994109
-0.994104
-0.993249
-0.993476
-0.993523
-0.993562
-0.99332
-0.993407
-0.993747
-0.993613
-0.993616
-0.993775
-0.993881
-0.994428
-0.994018
-0.993907
-0.994086
-0.994158
-0.994078
-0.993912
-0.992493
-0.993711
-0.993442
-0.993989
-0.993548
