-0.999149
-0.998723
-0.998656
-0.998484
-0.998484
-0.998859
-0.998991
-0.999041
-0.998675
-0.998649
-0.998682
-0.998568
-0.999067
-0.998484
-0.998518
-0.998724
-0.998497
-0.998484
-0.998484
-0.998497
-0.998825
-0.99877
-0.998353
-0.998484
-0.998552
-0.998994
-0.998903
-0.998886
-0.998929
-0.998381
-0.998841
-0.998727
-0.998903
-0.998459
-0.998438
-0.998755
-0.998909
-0.998667
-0.998855
-0.99846
-0.998807
-0.998919
-0.99865
-0.998828
-0.998695
-0.998906
-0.998532
-0.999071
-0.998729
-0.998562
-0.998758
-0.998693
-0.998756
-0.998768
-0.999118
-0.999017
-0.998676
-0.998385
-0.998572
-0.998774
-0.998797
-0.998417
-0.99853
-0.997675
-0.998388
-0.99793
-0.998182
-0.997855
-0.998662
-0.996805
-0.998155
-0.998052
-0.998796
-0.999022
-0.998424
-0.998757
-0.998827
-0.998704
-0.999148
-0.997935
-0.998963
-0.99883
-0.998576
-0.998744
-0.99798
-0.998473
-0.998829
-0.998867
-0.998906
-0.998808
-0.998201
-0.998535
-0.998535
-0.99873
-0.998395
-0.998486
-0.998486
-0.998532
-0.998535
-0.998483
-0.998486
-0.998715
-0.998669
-0.998201
-0.998535
-0.998535
-0.998532
-0.998535
-0.996745
-0.998717
-0.998155
-0.998008
-0.998673
-0.99837
-0.998438
-0.998253
-0.998124
-0.998324
-0.998267
-0.997907
-0.998022
-0.998713
-0.998738
-0.998237
-0.998638
-0.999159
-0.998964
-0.998804
-0.998218
-0.998446
-0.998372
-0.998674
-0.998889
-0.998996
-0.998484
-0.998641
-0.998216
-0.998331
-0.999003
-0.998875
-0.997946
-0.998803
-0.998968
-0.998872
-0.99889
-0.998795
-0.998712
-0.998311
-0.998684
-0.998852
-0.998776
-0.999041
-0.996227
-0.998824
-0.999032
-0.999115
-0.998957
-0.999084
-0.999153
-0.999014
-0.999016
-0.999066
-0.998789
-0.998166
-0.998707
-0.998896
-0.998603
-0.9985
-0.995976
-0.99844
-0.998835
-0.998851
-0.998389
-0.998414
-0.998833
-0.998859
-0.998844
-0.998745
-0.998937
-0.999031
-0.99892
-0.998887
-0.998329
-0.998749
-0.999148
-0.998919
-0.998899
-0.998947
-0.998774
-0.999017
-0.99883
-0.996755
-0.999023
-0.998444
-0.999019
-0.998796
-0.998736
-0.998997
-0.999059
-0.998949
-0.998272
-0.998839
-0.999014
-0.998895
-0.998507
-0.998905
-0.99899
-0.998845
-0.998225
-0.998521
-0.998446
-0.999049
-0.998666
-0.998444
-0.998461
-0.998378
-0.998213
-0.998606
-0.998621
-0.998649
-0.998645
-0.998544
-0.9991
-0.998982
-0.999032
-0.998649
-0.99886
-0.999027
-0.998643
-0.998729
-0.99895
-0.998852
-0.998579
-0.998873
-0.998714
-0.998759
-0.998714
-0.998714
-0.998769
-0.998888
-0.998906
-0.99859
-0.998888
-0.998908
-0.998957
-0.998621
-0.999015
-0.999046
-0.998848
-0.998789
-0.998778
-0.998621
-0.99866
-0.998822
-0.998994
-0.998621
-0.998742
-0.998812
-0.99899
-0.998908
-0.998799
-0.998447
-0.998424
-0.998856
-0.998295
-0.997509
-0.997526
-0.997979
-0.998084
-0.998252
-0.998701
-0.997509
-0.998247
-0.99828
-0.997778
-0.998071
-0.998321
-0.998698
-0.998022
-0.997509
-0.998847
-0.998191
-0.997452
-0.99815
-0.998253
-0.998698
-0.998424
-0.998734
-0.998566
-0.998341
-0.998837
-0.999104
-0.998817
-0.998188
-0.999001
-0.999121
-0.998788
-0.99888
-0.999086
-0.999029
-0.99891
-0.998295
-0.999144
-0.99888
-0.999044
-0.999127
-0.999107
-0.998827
-0.999168
-0.999132
-0.998752
-0.999001
-0.999047
-0.998883
-0.998842
-0.998571
-0.998544
-0.99873
-0.998069
-0.998569
-0.998569
-0.998707
-0.998606
-0.998715
-0.998596
-0.99895
-0.998851
-0.99913
-0.999127
-0.998374
-0.9985
-0.998778
-0.998652
-0.997447
-0.998893
-0.998347
-0.998254
-0.998157
-0.998432
-0.998295
-0.997905
-0.998197
-0.997776
-0.99862
-0.99815
-0.998166
-0.998252
-0.998294
-0.998117
-0.998599
-0.998338
-0.998902
-0.998627
-0.998414
-0.998109
-0.998518
-0.998715
-0.998313
-0.998061
-0.999023
-0.998919
-0.998451
-0.998609
-0.999021
-0.998904
-0.99853
-0.99893
-0.998658
-0.998673
-0.998389
-0.998284
-0.99836
-0.998914
-0.998782
-0.997909
-0.996755
-0.998666
-0.998763
-0.998367
-0.997507
-0.998329
-0.998352
-0.998718
-0.998633
-0.998408
-0.998537
-0.998343
-0.998667
-0.998835
-0.998452
-0.99878
-0.998726
-0.994771
-0.998878
-0.998469
-0.998741
-0.998361
-0.99857
-0.998656
-0.998524
-0.998637
-0.998495
-0.998469
-0.998771
-0.997992
-0.998535
-0.998536
-0.998764
-0.998792
-0.998545
-0.998708
-0.998537
-0.998737
-0.998574
-0.998487
-0.998574
-0.998319
-0.998247
-0.998247
-0.998589
-0.998247
-0.998768
-0.998582
-0.998576
-0.998487
-0.9988
-0.998487
-0.998582
-0.998891
-0.998487
-0.998247
-0.998524
-0.998502
-0.998584
-0.998622
-0.99855
-0.998593
-0.998331
-0.998443
-0.998392
-0.998354
-0.998872
-0.998599
-0.998518
-0.998775
-0.998758
-0.998329
-0.998116
-0.997605
-0.998807
-0.997988
-0.998024
-0.997984
-0.998702
-0.998674
-0.997988
-0.998382
-0.998553
-0.998382
-0.998573
-0.998321
-0.998645
-0.998692
-0.998735
-0.99907
-0.999148
-0.999148
-0.998225
-0.998792
-0.998816
-0.998611
-0.998453
-0.998453
-0.998622
-0.998527
-0.998407
-0.99852
-0.998823
-0.998919
-0.998919
-0.998106
-0.998609
-0.998498
-0.998711
-0.999034
-0.999084
-0.998821
-0.998097
-0.998435
-0.998208
-0.998668
-0.998828
-0.9989
-0.998485
-0.999032
-0.998833
-0.998667
-0.998412
-0.998397
-0.998056
-0.998416
-0.998156
-0.998623
-0.998156
-0.998981
-0.998567
-0.998423
-0.998608
-0.998778
-0.998601
-0.998469
-0.999083
-0.998998
-0.998833
-0.998328
-0.999118
-0.998627
-0.998843
-0.998943
-0.998569
-0.999055
-0.998922
-0.999007
-0.998754
-0.999059
-0.998919
-0.998092
-0.998425
-0.998907
-0.998295
-0.998668
-0.998694
-0.998461
-0.998692
-0.998554
-0.998174
-0.998728
-0.998803
-0.998924
-0.99821
-0.998359
-0.998599
-0.998743
-0.998408
-0.998488
-0.998218
-0.998135
-0.998598
-0.998186
-0.998954
-0.998355
-0.998811
-0.998386
-0.998581
-0.998306
-0.998672
-0.998679
-0.998361
-0.998833
-0.998533
-0.998912
-0.998795
-0.998868
-0.998742
-0.998889
-0.998933
-0.998659
-0.998438
-0.99852
-0.998337
-0.998531
-0.998531
-0.998527
-0.99881
-0.998703
-0.998531
-0.998802
-0.998892
-0.998603
-0.998582
-0.998727
-0.998804
-0.998856
-0.998764
-0.998381
-0.998684
-0.998684
-0.996674
-0.998592
-0.998601
-0.998982
-0.998496
-0.998666
-0.9987
-0.998703
-0.998778
-0.998737
-0.998823
-0.998994
-0.998927
-0.998881
-0.998359
-0.998808
-0.999025
-0.999145
-0.998574
-0.998864
-0.998959
-0.998759
-0.998621
-0.998049
-0.998793
-0.998696
-0.99881
-0.9986
-0.99885
-0.998566
-0.99903
-0.998773
-0.998722
-0.998893
-0.998921
-0.998673
-0.998703
-0.998792
-0.99898
-0.997077
-0.998543
-0.998746
-0.998238
-0.998511
-0.998368
-0.998841
-0.998287
-0.998155
-0.998697
-0.998488
-0.999133
-0.999073
-0.999031
-0.99893
-0.998738
-0.99895
-0.99852
-0.99903
-0.999068
-0.998806
-0.998456
-0.998785
-0.998798
-0.998717
-0.998979
-0.999039
-0.99876
-0.998578
-0.998695
-0.998731
-0.998967
-0.998526
-0.998842
-0.998677
-0.998562
-0.99884
-0.998719
-0.998627
-0.998979
-0.997624
-0.998244
-0.998815
-0.998692
-0.998976
-0.998734
-0.998824
-0.998778
-0.998742
-0.998998
-0.998956
-0.998817
-0.998771
-0.998679
-0.998829
-0.998695
-0.998646
-0.998553
-0.998839
-0.999001
-0.9989
-0.998981
-0.998737
-0.998375
-0.998658
-0.998918
-0.998518
-0.998812
-0.999145
-0.998949
-0.998922
-0.999164
-0.999103
-0.999053
-0.998979
-0.999077
-0.998915
-0.998702
-0.99907
-0.998968
-0.998849
-0.999111
-0.998851
-0.998868
-0.999031
-0.998804
-0.998935
-0.998844
-0.99862
-0.998859
-0.998831
-0.998935
-0.999052
-0.999022
-0.998748
-0.998871
-0.997547
-0.999023
-0.99869
-0.997923
-0.998282
-0.99876
-0.998559
-0.997152
-0.998783
-0.998668
-0.998991
-0.998988
-0.998843
-0.999012
-0.998282
-0.998622
-0.998649
-0.998567
-0.998702
-0.998574
-0.998473
-0.998763
-0.998745
-0.998692
-0.998572
-0.998681
-0.998665
-0.998897
-0.998679
-0.998606
-0.99637
-0.997315
-0.998974
-0.998136
-0.998786
-0.998886
-0.998443
-0.99906
-0.998774
-0.998921
-0.998852
-0.998144
-0.998865
-0.998843
-0.998714
-0.998235
-0.998763
-0.998998
-0.998825
-0.998837
-0.999063
-0.999082
-0.998961
-0.998703
-0.998919
-0.99897
-0.999011
-0.998979
-0.99895
-0.998961
-0.998856
-0.999126
-0.999005
-0.999051
-0.998653
-0.999003
-0.998956
-0.999075
-0.999145
-0.999097
-0.999044
-0.998944
-0.998725
-0.999137
-0.999052
-0.999078
-0.999062
-0.998704
-0.998797
-0.999054
-0.999074
-0.999015
-0.999009
-0.99901
-0.999099
-0.998705
-0.998563
-0.99838
-0.99838
-0.998617
-0.998686
-0.99838
-0.998946
-0.999035
-0.999035
-0.998583
-0.998803
-0.998796
-0.998817
-0.998936
-0.998379
-0.99913
-0.998318
-0.998808
-0.998318
-0.99897
-0.999033
-0.998764
-0.998853
-0.998525
-0.998951
-0.998813
-0.997607
-0.998304
-0.998876
-0.998811
-0.998884
-0.998823
-0.998953
-0.998814
-0.998944
-0.998986
-0.999076
-0.998994
-0.999008
-0.998901
-0.998993
-0.998915
-0.998978
-0.998889
-0.998752
-0.996354
-0.998528
-0.998589
-0.998909
-0.998501
-0.999141
-0.999141
-0.999032
-0.999187
-0.999117
-0.999134
-0.999136
-0.999146
-0.99873
-0.999082
-0.999119
-0.998471
-0.998867
-0.998214
-0.998551
-0.998177
-0.998524
-0.998528
-0.998845
-0.998383
-0.998772
-0.998764
-0.998817
-0.998219
-0.998364
-0.998123
-0.998516
-0.99868
-0.997419
-0.998371
-0.998663
-0.998191
-0.997955
-0.998656
-0.998147
-0.998593
-0.998237
-0.998147
-0.998593
-0.997978
-0.998197
-0.998937
-0.998271
-0.998639
-0.998631
-0.99902
-0.998972
-0.999075
-0.998725
-0.999076
-0.998915
-0.99903
-0.999013
-0.998868
-0.999022
-0.998901
-0.999194
-0.9989
-0.998827
-0.998679
-0.998951
-0.998851
-0.998891
-0.998676
-0.998588
-0.998881
-0.998433
-0.999037
-0.998984
-0.998967
-0.998843
-0.998849
-0.998913
-0.998947
-0.998913
-0.998954
-0.998976
-0.99869
-0.998927
-0.998517
-0.999011
-0.998848
-0.998763
-0.998819
-0.998873
-0.999048
-0.998836
-0.998934
-0.998513
-0.998662
-0.998652
-0.998903
-0.998418
-0.998385
-0.998679
-0.99823
-0.998721
-0.998936
-0.998801
-0.998777
-0.998803
-0.998515
-0.998781
-0.998902
-0.998999
-0.998751
-0.996623
-0.998988
-0.99883
-0.998521
-0.99898
-0.999003
-0.998533
-0.998648
-0.998662
-0.997836
-0.99887
-0.999082
-0.999193
-0.998468
-0.998687
-0.998688
-0.998679
-0.998586
-0.998345
-0.998782
-0.998774
-0.998724
-0.998813
-0.998912
-0.99918
-0.999078
-0.998847
-0.999057
-0.999045
-0.999031
-0.998842
-0.997477
-0.999024
-0.998775
-0.99896
-0.998938
