-0.999429
-0.999424
-0.998633
-0.999079
-0.999079
-0.999499
-0.999478
-0.999458
-0.999251
-0.999005
-0.999006
-0.999099
-0.999521
-0.999192
-0.999129
-0.999385
-0.998944
-0.999079
-0.998969
-0.999079
-0.999242
-0.999243
-0.999219
-0.999079
-0.999238
-0.999305
-0.999411
-0.999301
-0.999444
-0.999172
-0.99915
-0.999379
-0.999586
-0.999182
-0.999186
-0.999293
-0.999497
-0.999296
-0.999452
-0.999356
-0.999393
-0.999522
-0.999293
-0.999336
-0.999375
-0.999499
-0.999279
-0.999507
-0.999208
-0.999216
-0.999462
-0.99934
-0.9994
-0.999276
-0.999721
-0.99933
-0.999383
-0.999238
-0.99924
-0.999431
-0.999342
-0.998843
-0.998973
-0.998315
-0.99893
-0.998716
-0.99876
-0.998678
-0.999302
-0.996753
-0.998959
-0.999233
-0.998847
-0.999162
-0.999011
-0.999552
-0.998238
-0.999369
-0.999212
-0.998628
-0.999485
-0.99923
-0.999197
-0.999252
-0.998641
-0.999203
-0.999452
-0.999283
-0.99935
-0.999444
-0.998992
-0.999288
-0.999288
-0.999376
-0.998992
-0.999206
-0.999206
-0.999207
-0.999327
-0.999336
-0.999206
-0.999346
-0.999135
-0.999005
-0.999327
-0.999288
-0.99916
-0.9992
-0.998522
-0.99908
-0.998732
-0.998241
-0.999272
-0.998901
-0.998939
-0.999
-0.998708
-0.998877
-0.99911
-0.998734
-0.998692
-0.999461
-0.998977
-0.998964
-0.999188
-0.998916
-0.999256
-0.999345
-0.998708
-0.998598
-0.999323
-0.99913
-0.99939
-0.999222
-0.999043
-0.99921
-0.999116
-0.998919
-0.999607
-0.999335
-0.998737
-0.99949
-0.999655
-0.999568
-0.999332
-0.999594
-0.999591
-0.999392
-0.999535
-0.999451
-0.999583
-0.999393
-0.996091
-0.999347
-0.999366
-0.99955
-0.999597
-0.999377
-0.999697
-0.999517
-0.999587
-0.999464
-0.999594
-0.999042
-0.999258
-0.999054
-0.999095
-0.999173
-0.995776
-0.998844
-0.999158
-0.99925
-0.998961
-0.999068
-0.99919
-0.999392
-0.999286
-0.999328
-0.999418
-0.999283
-0.999505
-0.999427
-0.999199
-0.999158
-0.99947
-0.999307
-0.999165
-0.99924
-0.999231
-0.999685
-0.999549
-0.996935
-0.999463
-0.999146
-0.999497
-0.999028
-0.999068
-0.999214
-0.999472
-0.999246
-0.998697
-0.99935
-0.999488
-0.999502
-0.999126
-0.999197
-0.999533
-0.999235
-0.998915
-0.99898
-0.999176
-0.999428
-0.998985
-0.998917
-0.998819
-0.998724
-0.99923
-0.999231
-0.999231
-0.999231
-0.999294
-0.999159
-0.999516
-0.999409
-0.999507
-0.99936
-0.999399
-0.999629
-0.999247
-0.99921
-0.999438
-0.999523
-0.999115
-0.999131
-0.999092
-0.999058
-0.999058
-0.999058
-0.999018
-0.999469
-0.999545
-0.999305
-0.999024
-0.999464
-0.999108
-0.999419
-0.999275
-0.999272
-0.999472
-0.999418
-0.999518
-0.999292
-0.999389
-0.999362
-0.999525
-0.999336
-0.999463
-0.999518
-0.999443
-0.999459
-0.998834
-0.999134
-0.99915
-0.999477
-0.998934
-0.998217
-0.998472
-0.998303
-0.998205
-0.998839
-0.999146
-0.998289
-0.998717
-0.999046
-0.998439
-0.998514
-0.998851
-0.999261
-0.997883
-0.998217
-0.999403
-0.999096
-0.998217
-0.998695
-0.998934
-0.999177
-0.99915
-0.999177
-0.999112
-0.9993
-0.999095
-0.999168
-0.999201
-0.998664
-0.999489
-0.999383
-0.999429
-0.999336
-0.999286
-0.999493
-0.999288
-0.998783
-0.999311
-0.999322
-0.999313
-0.999602
-0.999492
-0.998982
-0.999444
-0.999282
-0.999247
-0.999124
-0.999677
-0.999407
-0.999296
-0.998913
-0.998986
-0.999261
-0.999064
-0.999194
-0.999251
-0.999429
-0.999108
-0.999256
-0.999156
-0.999298
-0.999046
-0.999486
-0.999501
-0.998758
-0.999468
-0.999306
-0.999259
-0.996283
-0.999237
-0.999321
-0.999174
-0.999157
-0.999348
-0.999117
-0.999003
-0.999051
-0.998765
-0.999239
-0.999091
-0.998844
-0.998989
-0.999154
-0.99914
-0.99936
-0.999101
-0.999492
-0.9994
-0.999302
-0.998553
-0.999328
-0.999321
-0.999369
-0.99883
-0.999372
-0.999341
-0.999194
-0.999003
-0.999469
-0.999324
-0.999199
-0.999335
-0.99931
-0.999443
-0.999118
-0.998991
-0.998974
-0.999567
-0.999171
-0.998596
-0.996105
-0.999401
-0.998863
-0.998832
-0.998811
-0.998917
-0.998803
-0.999301
-0.999317
-0.99941
-0.999041
-0.998961
-0.998975
-0.999228
-0.999148
-0.998082
-0.999055
-0.996
-0.99952
-0.999325
-0.999196
-0.998909
-0.998051
-0.99894
-0.999298
-0.999201
-0.998963
-0.999157
-0.999116
-0.998595
-0.998232
-0.99947
-0.999085
-0.999328
-0.999328
-0.999093
-0.999186
-0.999125
-0.999301
-0.999248
-0.999301
-0.999123
-0.999107
-0.999107
-0.999324
-0.999107
-0.999257
-0.999236
-0.999137
-0.999236
-0.999317
-0.999236
-0.999301
-0.999581
-0.999236
-0.999107
-0.999236
-0.999355
-0.999398
-0.999361
-0.999377
-0.999256
-0.999451
-0.999551
-0.998882
-0.999159
-0.999132
-0.999497
-0.999528
-0.99924
-0.999427
-0.999065
-0.999113
-0.99766
-0.999214
-0.999039
-0.998761
-0.999009
-0.999549
-0.999192
-0.999039
-0.999278
-0.998578
-0.999192
-0.999324
-0.999254
-0.999399
-0.999382
-0.99932
-0.999514
-0.999528
-0.999497
-0.999091
-0.99926
-0.999251
-0.999348
-0.999104
-0.999104
-0.999256
-0.999215
-0.999052
-0.999029
-0.999439
-0.999489
-0.999426
-0.998576
-0.99904
-0.999155
-0.999274
-0.99949
-0.99941
-0.99941
-0.998397
-0.998784
-0.998875
-0.998753
-0.998921
-0.999399
-0.998938
-0.99937
-0.999346
-0.999278
-0.998894
-0.999209
-0.998959
-0.99931
-0.998925
-0.999275
-0.999015
-0.999299
-0.999074
-0.999071
-0.998943
-0.998982
-0.999017
-0.999074
-0.999203
-0.999458
-0.999527
-0.999229
-0.999291
-0.99917
-0.999354
-0.999292
-0.999378
-0.998981
-0.999409
-0.999479
-0.999293
-0.99962
-0.999593
-0.998982
-0.999002
-0.999273
-0.999357
-0.999425
-0.999193
-0.99928
-0.998886
-0.999049
-0.999316
-0.999092
-0.999369
-0.999245
-0.999036
-0.999052
-0.999131
-0.999389
-0.999168
-0.999159
-0.999157
-0.999173
-0.998895
-0.998994
-0.999388
-0.999038
-0.999307
-0.999465
-0.999346
-0.998985
-0.999344
-0.999179
-0.999197
-0.999314
-0.999354
-0.999277
-0.999351
-0.999235
-0.999321
-0.999392
-0.99934
-0.999386
-0.999212
-0.999125
-0.999263
-0.999296
-0.999253
-0.999146
-0.999449
-0.999443
-0.999296
-0.999207
-0.999404
-0.999138
-0.999364
-0.999335
-0.999299
-0.999412
-0.999242
-0.999158
-0.999172
-0.999333
-0.997373
-0.999268
-0.999333
-0.999375
-0.999335
-0.9993
-0.999121
-0.998956
-0.999163
-0.999491
-0.999281
-0.999356
-0.999429
-0.999375
-0.998688
-0.998829
-0.999497
-0.999477
-0.999286
-0.999375
-0.999526
-0.999301
-0.999087
-0.998688
-0.99932
-0.99929
-0.99962
-0.99945
-0.999496
-0.999268
-0.999494
-0.999436
-0.999283
-0.999413
-0.99952
-0.99911
-0.999264
-0.999187
-0.999326
-0.997348
-0.999189
-0.999301
-0.998533
-0.999157
-0.999027
-0.999233
-0.998931
-0.998607
-0.99962
-0.999312
-0.9995
-0.99957
-0.999399
-0.999207
-0.999361
-0.999299
-0.999417
-0.999239
-0.999514
-0.999475
-0.998465
-0.999351
-0.999143
-0.999506
-0.999568
-0.999473
-0.999512
-0.999496
-0.999462
-0.999547
-0.999632
-0.999216
-0.999527
-0.999515
-0.999481
-0.999422
-0.999451
-0.99932
-0.999568
-0.998588
-0.999094
-0.999304
-0.998878
-0.999539
-0.999602
-0.999532
-0.999493
-0.999345
-0.999413
-0.999244
-0.99965
-0.999509
-0.999531
-0.999647
-0.999414
-0.999332
-0.999427
-0.999307
-0.999448
-0.999453
-0.99939
-0.999542
-0.999471
-0.999483
-0.999556
-0.999249
-0.999424
-0.999268
-0.999565
-0.999362
-0.99951
-0.999373
-0.999349
-0.999408
-0.999516
-0.999366
-0.999164
-0.999455
-0.999473
-0.999531
-0.999355
-0.999326
-0.999406
-0.999534
-0.999442
-0.999464
-0.999447
-0.999333
-0.999447
-0.999451
-0.9995
-0.999535
-0.999544
-0.999468
-0.999484
-0.99818
-0.999571
-0.998721
-0.999118
-0.999305
-0.999335
-0.999357
-0.998268
-0.99948
-0.999182
-0.999611
-0.999582
-0.999472
-0.999609
-0.999305
-0.999404
-0.999465
-0.999512
-0.9995
-0.999561
-0.999521
-0.999425
-0.999475
-0.999467
-0.999496
-0.999552
-0.999506
-0.999417
-0.999508
-0.999426
-0.998195
-0.998436
-0.999333
-0.998594
-0.999266
-0.99933
-0.999049
-0.999567
-0.999385
-0.999495
-0.999452
-0.999306
-0.999473
-0.999317
-0.999011
-0.998928
-0.99943
-0.99965
-0.999331
-0.999228
-0.999594
-0.999654
-0.999634
-0.9994
-0.999557
-0.999528
-0.999599
-0.999599
-0.999483
-0.999467
-0.999418
-0.99959
-0.999599
-0.999684
-0.999211
-0.999634
-0.999561
-0.999714
-0.999671
-0.999734
-0.999693
-0.999593
-0.999467
-0.999761
-0.99956
-0.999574
-0.999678
-0.999339
-0.999061
-0.999627
-0.999555
-0.999437
-0.999622
-0.999571
-0.999439
-0.999275
-0.999301
-0.999164
-0.999164
-0.999301
-0.99901
-0.99907
-0.999475
-0.999516
-0.999444
-0.999301
-0.999089
-0.999366
-0.999284
-0.99924
-0.999061
-0.999523
-0.999119
-0.999449
-0.999191
-0.999537
-0.999384
-0.999201
-0.999419
-0.999286
-0.999544
-0.999215
-0.998879
-0.999144
-0.999284
-0.999451
-0.999573
-0.999569
-0.999318
-0.999327
-0.999289
-0.999424
-0.999192
-0.99955
-0.999258
-0.999499
-0.999403
-0.999585
-0.999321
-0.999194
-0.999373
-0.997367
-0.998781
-0.999161
-0.999387
-0.999236
-0.999373
-0.999373
-0.999588
-0.999708
-0.999637
-0.999633
-0.999683
-0.999686
-0.99942
-0.999582
-0.999656
-0.999181
-0.999285
-0.999157
-0.999049
-0.998935
-0.998634
-0.999045
-0.99928
-0.999362
-0.999175
-0.999629
-0.99926
-0.999046
-0.999049
-0.998871
-0.998857
-0.998892
-0.997958
-0.999095
-0.998461
-0.998681
-0.997705
-0.999467
-0.999216
-0.999097
-0.999083
-0.999216
-0.999097
-0.998747
-0.998368
-0.99913
-0.998916
-0.999213
-0.998812
-0.999543
-0.999575
-0.999687
-0.99931
-0.999544
-0.999438
-0.999574
-0.999543
-0.999472
-0.999365
-0.999653
-0.999709
-0.99956
-0.999381
-0.998975
-0.999396
-0.999414
-0.999453
-0.999177
-0.999017
-0.999432
-0.99928
-0.999408
-0.999356
-0.999551
-0.999287
-0.999581
-0.999512
-0.999574
-0.999433
-0.999515
-0.999193
-0.999367
-0.99955
-0.999312
-0.999192
-0.999608
-0.999411
-0.999509
-0.999588
-0.999531
-0.999445
-0.999412
-0.999563
-0.999252
-0.999395
-0.999596
-0.999101
-0.999271
-0.999548
-0.9992
-0.999616
-0.999076
-0.999091
-0.999056
-0.999264
-0.999022
-0.99895
-0.99918
-0.999202
-0.999121
-0.998758
-0.999196
-0.999158
-0.998989
-0.999288
-0.998956
-0.998909
-0.998787
-0.999076
-0.998914
-0.999186
-0.999641
-0.999687
-0.99929
-0.99942
-0.999351
-0.99942
-0.999358
-0.999297
-0.99942
-0.99942
-0.999393
-0.999264
-0.999498
-0.999698
-0.999516
-0.999307
-0.999573
-0.99966
-0.99949
-0.999265
-0.997386
-0.999279
-0.999277
-0.999309
-0.999294
