-0.982376
-0.982059
-0.981649
-0.981949
-0.981949
-0.982514
-0.982324
-0.982203
-0.980855
-0.981883
-0.982066
-0.982534
-0.982388
-0.981909
-0.981903
-0.982527
-0.98159
-0.981949
-0.981949
-0.981909
-0.982231
-0.982041
-0.981432
-0.981909
-0.981632
-0.982456
-0.982197
-0.982021
-0.981867
-0.981354
-0.982283
-0.981929
-0.982744
-0.981796
-0.981804
-0.982787
-0.98288
-0.982171
-0.982764
-0.981733
-0.981875
-0.982695
-0.981983
-0.981875
-0.982229
-0.982303
-0.981897
-0.982452
-0.981875
-0.982656
-0.982532
-0.981945
-0.982736
-0.981762
-0.98301
-0.981982
-0.982101
-0.980447
-0.981796
-0.981306
-0.98288
-0.982821
-0.9823
-0.981646
-0.982196
-0.981815
-0.981785
-0.981893
-0.982476
-0.978322
-0.981017
-0.980501
-0.982138
-0.982122
-0.982372
-0.98335
-0.980431
-0.982351
-0.982367
-0.981991
-0.983349
-0.98254
-0.98206
-0.982405
-0.981682
-0.981845
-0.982549
-0.982467
-0.981729
-0.981845
-0.981368
-0.981553
-0.981553
-0.982068
-0.981198
-0.981249
-0.981508
-0.981553
-0.981553
-0.98179
-0.981249
-0.981767
-0.982464
-0.981198
-0.981553
-0.981553
-0.981553
-0.981553
-0.981272
-0.982383
-0.980567
-0.981986
-0.98252
-0.981266
-0.982641
-0.981851
-0.981168
-0.981672
-0.982172
-0.981311
-0.981834
-0.982159
-0.982424
-0.981291
-0.982848
-0.981982
-0.981781
-0.982899
-0.981675
-0.981986
-0.982443
-0.982008
-0.982322
-0.983343
-0.98256
-0.982625
-0.981815
-0.982239
-0.982631
-0.9824
-0.981768
-0.98235
-0.982946
-0.982397
-0.982554
-0.982335
-0.982056
-0.981287
-0.981901
-0.982856
-0.981969
-0.982888
-0.981505
-0.982932
-0.983058
-0.982737
-0.983794
-0.982734
-0.983365
-0.983579
-0.983412
-0.982907
-0.982073
-0.982367
-0.981624
-0.981419
-0.981901
-0.982334
-0.977195
-0.981674
-0.982069
-0.982473
-0.98106
-0.981472
-0.98226
-0.981739
-0.981202
-0.98234
-0.982258
-0.982161
-0.982586
-0.982352
-0.98149
-0.981922
-0.982113
-0.982459
-0.981491
-0.982449
-0.981347
-0.98275
-0.982253
-0.980224
-0.98206
-0.98188
-0.982864
-0.981882
-0.982483
-0.982318
-0.981969
-0.981467
-0.981211
-0.982099
-0.981899
-0.982685
-0.982079
-0.981674
-0.982625
-0.982075
-0.981551
-0.981142
-0.98201
-0.982155
-0.982278
-0.98041
-0.981284
-0.981444
-0.981995
-0.982027
-0.982143
-0.981787
-0.982184
-0.981907
-0.982562
-0.981742
-0.981892
-0.98194
-0.980845
-0.982925
-0.981912
-0.981232
-0.982183
-0.982965
-0.982418
-0.982801
-0.982464
-0.982464
-0.982418
-0.982418
-0.982418
-0.982481
-0.982241
-0.981704
-0.982817
-0.982285
-0.982877
-0.982608
-0.982546
-0.98256
-0.982037
-0.982211
-0.98229
-0.982609
-0.98269
-0.982609
-0.982872
-0.982609
-0.982237
-0.982335
-0.982233
-0.982036
-0.981722
-0.982229
-0.981964
-0.982674
-0.98213
-0.981282
-0.981444
-0.981731
-0.982422
-0.981294
-0.982224
-0.981282
-0.981294
-0.981096
-0.981624
-0.982308
-0.981478
-0.981867
-0.981375
-0.981282
-0.980837
-0.982114
-0.981282
-0.981364
-0.981211
-0.981782
-0.981964
-0.98281
-0.982216
-0.981738
-0.98246
-0.982239
-0.981446
-0.981312
-0.98305
-0.982497
-0.982913
-0.98201
-0.982391
-0.982286
-0.98364
-0.980989
-0.982083
-0.983539
-0.98241
-0.981672
-0.982586
-0.982173
-0.982046
-0.982173
-0.982164
-0.98317
-0.982655
-0.982065
-0.981836
-0.981848
-0.982313
-0.981673
-0.9803
-0.98172
-0.98172
-0.981936
-0.981257
-0.981804
-0.982124
-0.98195
-0.981967
-0.982879
-0.982216
-0.98167
-0.982493
-0.982977
-0.982305
-0.979991
-0.982091
-0.982309
-0.982109
-0.981387
-0.981958
-0.981958
-0.981491
-0.981486
-0.981616
-0.982739
-0.981529
-0.982283
-0.982716
-0.982398
-0.981645
-0.982682
-0.981805
-0.981903
-0.981802
-0.982339
-0.981075
-0.98199
-0.982363
-0.982187
-0.98143
-0.982612
-0.980917
-0.98207
-0.981081
-0.983025
-0.981712
-0.982322
-0.981364
-0.983391
-0.982229
-0.981074
-0.982023
-0.982503
-0.982873
-0.981706
-0.981442
-0.977654
-0.98232
-0.982055
-0.981991
-0.98129
-0.981738
-0.982098
-0.982583
-0.982151
-0.981228
-0.982671
-0.981474
-0.982675
-0.981297
-0.982603
-0.98267
-0.981585
-0.976585
-0.983135
-0.982156
-0.981236
-0.980796
-0.982189
-0.982125
-0.981461
-0.982134
-0.981533
-0.982691
-0.982566
-0.981681
-0.981096
-0.981851
-0.981418
-0.981484
-0.981303
-0.982008
-0.981398
-0.982214
-0.981384
-0.981321
-0.981384
-0.981068
-0.980183
-0.980183
-0.981384
-0.980183
-0.981224
-0.981099
-0.980493
-0.981321
-0.981484
-0.981321
-0.981099
-0.98191
-0.981321
-0.980183
-0.981384
-0.982331
-0.982631
-0.98261
-0.982434
-0.982673
-0.982242
-0.983653
-0.982224
-0.981722
-0.982862
-0.982618
-0.98192
-0.982898
-0.983223
-0.982409
-0.981817
-0.980833
-0.981723
-0.981506
-0.981741
-0.981445
-0.983128
-0.98189
-0.981609
-0.981687
-0.981117
-0.9808
-0.981955
-0.981525
-0.982153
-0.9814
-0.981638
-0.982903
-0.982854
-0.982802
-0.982838
-0.983824
-0.982242
-0.981842
-0.981757
-0.981757
-0.982272
-0.981923
-0.981791
-0.981743
-0.982346
-0.982576
-0.982525
-0.982757
-0.981856
-0.982952
-0.981758
-0.982216
-0.982232
-0.98201
-0.98232
-0.981805
-0.98048
-0.9815
-0.982006
-0.982229
-0.982233
-0.982462
-0.981956
-0.982233
-0.981583
-0.982197
-0.981639
-0.981565
-0.981533
-0.981804
-0.981492
-0.982022
-0.981587
-0.98121
-0.981803
-0.981374
-0.981479
-0.980729
-0.982188
-0.982717
-0.983065
-0.981723
-0.982347
-0.98207
-0.982711
-0.981756
-0.982626
-0.982626
-0.981219
-0.982481
-0.982149
-0.983225
-0.982309
-0.982469
-0.981477
-0.980958
-0.980973
-0.981823
-0.98212
-0.982663
-0.981108
-0.981891
-0.981883
-0.981716
-0.981851
-0.98284
-0.982047
-0.980756
-0.981316
-0.983156
-0.981707
-0.981737
-0.981024
-0.981121
-0.98099
-0.981891
-0.981855
-0.981176
-0.983063
-0.982297
-0.983216
-0.981509
-0.982486
-0.98128
-0.981527
-0.9831
-0.982222
-0.982512
-0.982235
-0.981759
-0.981682
-0.98149
-0.982297
-0.981682
-0.981215
-0.982181
-0.981527
-0.981714
-0.9819
-0.982378
-0.982582
-0.982008
-0.981714
-0.982331
-0.982396
-0.982232
-0.982006
-0.981682
-0.982273
-0.982596
-0.981981
-0.982442
-0.981979
-0.982173
-0.978538
-0.982882
-0.982054
-0.981308
-0.983388
-0.981898
-0.982785
-0.980591
-0.981537
-0.9834
-0.98221
-0.982972
-0.98265
-0.983037
-0.981831
-0.982293
-0.982399
-0.98288
-0.98214
-0.982844
-0.983322
-0.982163
-0.981281
-0.98204
-0.982389
-0.981505
-0.983024
-0.981936
-0.982684
-0.981646
-0.982204
-0.983261
-0.981683
-0.982487
-0.982696
-0.982075
-0.983307
-0.983039
-0.982688
-0.979282
-0.981747
-0.981986
-0.981966
-0.981422
-0.981851
-0.9828
-0.981743
-0.981011
-0.982125
-0.982386
-0.982064
-0.982192
-0.982028
-0.981711
-0.982884
-0.981334
-0.982845
-0.981285
-0.982416
-0.982518
-0.98154
-0.982804
-0.982731
-0.983322
-0.982522
-0.982272
-0.983594
-0.981597
-0.982975
-0.981912
-0.982855
-0.982256
-0.982965
-0.982579
-0.982377
-0.982987
-0.982648
-0.982518
-0.98228
-0.980619
-0.982639
-0.980144
-0.98205
-0.981381
-0.981828
-0.982198
-0.982103
-0.982078
-0.981968
-0.980833
-0.982413
-0.981373
-0.981482
-0.98252
-0.981864
-0.981176
-0.981764
-0.981678
-0.981372
-0.981933
-0.981835
-0.98156
-0.981687
-0.981833
-0.982527
-0.981676
-0.981628
-0.982119
-0.982467
-0.982259
-0.98248
-0.982125
-0.98221
-0.983169
-0.983123
-0.982971
-0.98358
-0.982358
-0.982428
-0.982752
-0.982634
-0.983182
-0.982678
-0.982878
-0.982348
-0.982702
-0.982608
-0.981517
-0.982682
-0.982771
-0.982799
-0.983204
-0.983163
-0.982754
-0.983091
-0.9796
-0.982261
-0.98103
-0.979619
-0.980286
-0.981981
-0.981955
-0.979351
-0.98294
-0.983221
-0.982799
-0.982918
-0.981381
-0.982716
-0.980286
-0.980774
-0.981312
-0.983128
-0.983172
-0.982824
-0.981628
-0.981508
-0.983332
-0.98201
-0.982822
-0.982553
-0.983135
-0.982832
-0.981868
-0.981441
-0.98228
-0.979966
-0.982301
-0.979405
-0.982785
-0.982488
-0.982412
-0.982043
-0.982647
-0.982379
-0.982782
-0.981299
-0.982894
-0.982881
-0.9826
-0.981389
-0.982183
-0.982014
-0.981158
-0.982379
-0.98187
-0.982833
-0.982212
-0.981976
-0.98183
-0.982127
-0.981951
-0.982142
-0.982545
-0.981912
-0.981708
-0.982392
-0.982508
-0.98299
-0.980906
-0.982198
-0.982142
-0.982166
-0.982798
-0.982552
-0.982264
-0.982318
-0.981575
-0.982867
-0.981684
-0.982206
-0.982886
-0.982046
-0.98251
-0.98329
-0.982567
-0.983496
-0.982275
-0.982878
-0.982555
-0.982185
-0.982302
-0.982052
-0.982052
-0.982234
-0.981974
-0.982052
-0.982658
-0.982733
-0.982696
-0.982234
-0.982539
-0.982302
-0.982185
-0.982483
-0.982014
-0.982537
-0.982154
-0.981859
-0.982154
-0.982382
-0.982921
-0.982587
-0.982569
-0.982169
-0.982763
-0.983079
-0.981751
-0.981033
-0.982444
-0.983051
-0.982109
-0.982965
-0.982173
-0.983165
-0.981995
-0.982562
-0.982383
-0.982124
-0.982109
-0.982723
-0.981892
-0.982988
-0.982106
-0.982335
-0.982472
-0.978402
-0.98294
-0.982895
-0.980906
-0.982983
-0.983267
-0.983267
-0.982032
-0.983474
-0.982878
-0.982919
-0.982797
-0.983515
-0.982198
-0.982548
-0.982239
-0.980931
-0.982746
-0.981644
-0.982638
-0.981747
-0.981455
-0.982461
-0.982231
-0.981931
-0.981463
-0.983279
-0.983982
-0.983272
-0.982309
-0.98295
-0.981886
-0.983327
-0.980735
-0.982981
-0.983082
-0.981468
-0.981895
-0.983168
-0.982287
-0.981205
-0.981607
-0.982287
-0.981205
-0.981356
-0.980506
-0.982527
-0.982831
-0.980927
-0.981188
-0.982856
-0.983021
-0.982569
-0.982085
-0.982441
-0.982102
-0.982087
-0.982457
-0.982407
-0.982135
-0.982294
-0.982596
-0.982557
-0.983204
-0.983013
-0.982477
-0.98291
-0.983636
-0.98268
-0.982656
-0.983186
-0.981888
-0.983246
-0.982868
-0.983066
-0.982781
-0.983725
-0.982561
-0.983535
-0.98317
-0.982401
-0.982195
-0.983037
-0.983796
-0.983171
-0.98237
-0.98338
-0.982679
-0.983197
-0.983612
-0.983279
-0.983534
-0.982268
-0.982716
-0.982884
-0.98239
-0.981807
-0.982173
-0.982356
-0.98186
-0.982679
-0.983114
-0.982424
-0.98193
-0.98289
-0.982784
-0.98279
-0.98229
-0.981625
-0.981814
-0.982183
-0.980965
-0.982505
-0.983315
-0.982974
-0.983262
-0.982492
-0.981949
-0.982764
-0.982624
-0.980728
-0.983108
-0.983069
-0.982878
-0.981643
-0.981461
-0.981534
-0.981557
-0.981254
-0.981553
-0.98169
-0.981407
-0.982137
-0.982047
-0.981986
-0.983306
-0.982663
-0.982679
-0.983015
-0.982352
-0.982089
-0.981946
-0.979978
-0.981575
-0.981539
-0.982075
-0.981793
