-0.98098
-0.981396
-0.980446
-0.98039
-0.98039
-0.980414
-0.981201
-0.980018
-0.979536
-0.980252
-0.980273
-0.980801
-0.980364
-0.980304
-0.979933
-0.980699
-0.980057
-0.98039
-0.98039
-0.980304
-0.980987
-0.980452
-0.9793
-0.98039
-0.980151
-0.980548
-0.981216
-0.980818
-0.979961
-0.979123
-0.981759
-0.980689
-0.981688
-0.980639
-0.980825
-0.981737
-0.981392
-0.980962
-0.981498
-0.980617
-0.981106
-0.981388
-0.981106
-0.981106
-0.980976
-0.981647
-0.980932
-0.981174
-0.981011
-0.981582
-0.981214
-0.980996
-0.981421
-0.98099
-0.9823
-0.981585
-0.981193
-0.979739
-0.980843
-0.981081
-0.981657
-0.981793
-0.981107
-0.97937
-0.980894
-0.980083
-0.980413
-0.980449
-0.980782
-0.975984
-0.980224
-0.980216
-0.981399
-0.981549
-0.980881
-0.982086
-0.979883
-0.980562
-0.981375
-0.980842
-0.982583
-0.981162
-0.981089
-0.981029
-0.980539
-0.980977
-0.981151
-0.981114
-0.980882
-0.980975
-0.980326
-0.980367
-0.980367
-0.980636
-0.980175
-0.980135
-0.980135
-0.980367
-0.980367
-0.980853
-0.980135
-0.980374
-0.981432
-0.980175
-0.980367
-0.980367
-0.980367
-0.980367
-0.980707
-0.980987
-0.979133
-0.980514
-0.981013
-0.980059
-0.981171
-0.980298
-0.979734
-0.980008
-0.980158
-0.979417
-0.980412
-0.981276
-0.981217
-0.980344
-0.981551
-0.981633
-0.981212
-0.981695
-0.980001
-0.980637
-0.980972
-0.980816
-0.980755
-0.982449
-0.981309
-0.981242
-0.980135
-0.980914
-0.981741
-0.981216
-0.979187
-0.981274
-0.982204
-0.980926
-0.981207
-0.981179
-0.980678
-0.98023
-0.980619
-0.981267
-0.980921
-0.981498
-0.978607
-0.981258
-0.981165
-0.980818
-0.982467
-0.981346
-0.981774
-0.982135
-0.982007
-0.98092
-0.980921
-0.97991
-0.980719
-0.980194
-0.981097
-0.981614
-0.974282
-0.981159
-0.981396
-0.981151
-0.979749
-0.980241
-0.981089
-0.981128
-0.980988
-0.981062
-0.981046
-0.981342
-0.981386
-0.981029
-0.980188
-0.980687
-0.981533
-0.981218
-0.980607
-0.981241
-0.979753
-0.981762
-0.981444
-0.980346
-0.980446
-0.980168
-0.981631
-0.981192
-0.98117
-0.981526
-0.98127
-0.980556
-0.980156
-0.9809
-0.98111
-0.981381
-0.98095
-0.980445
-0.981607
-0.980828
-0.980654
-0.980335
-0.981046
-0.981442
-0.981095
-0.97854
-0.979972
-0.980017
-0.980506
-0.980912
-0.981053
-0.980569
-0.980995
-0.980526
-0.981562
-0.980056
-0.980978
-0.980709
-0.980018
-0.98173
-0.980634
-0.980603
-0.980896
-0.981426
-0.981091
-0.981341
-0.98091
-0.980864
-0.981091
-0.981091
-0.980864
-0.981254
-0.981313
-0.979849
-0.981397
-0.981188
-0.981124
-0.98107
-0.981453
-0.98149
-0.980954
-0.98098
-0.981003
-0.981156
-0.981234
-0.981156
-0.981366
-0.981156
-0.98055
-0.981254
-0.981152
-0.980867
-0.980883
-0.981512
-0.980894
-0.981405
-0.981176
-0.980007
-0.980086
-0.980396
-0.981031
-0.980322
-0.980883
-0.980007
-0.979605
-0.979653
-0.980298
-0.981009
-0.979807
-0.979797
-0.979869
-0.980007
-0.980697
-0.981417
-0.980007
-0.979834
-0.979968
-0.980891
-0.980894
-0.981662
-0.981308
-0.980167
-0.98111
-0.981377
-0.980031
-0.980907
-0.981541
-0.981705
-0.981742
-0.98078
-0.981441
-0.981359
-0.982414
-0.97936
-0.981361
-0.982256
-0.980784
-0.980504
-0.98126
-0.981534
-0.981338
-0.981198
-0.9803
-0.981735
-0.981511
-0.980939
-0.980751
-0.980525
-0.980834
-0.980536
-0.978791
-0.980434
-0.980434
-0.98054
-0.98005
-0.980235
-0.98029
-0.981086
-0.980398
-0.981863
-0.981144
-0.980481
-0.980469
-0.981942
-0.980642
-0.979255
-0.981372
-0.981091
-0.980825
-0.979828
-0.980647
-0.979861
-0.979922
-0.979819
-0.980019
-0.981233
-0.980085
-0.980433
-0.981091
-0.980709
-0.980096
-0.981374
-0.980244
-0.979631
-0.979653
-0.980857
-0.979408
-0.980799
-0.980535
-0.980366
-0.979551
-0.981449
-0.980215
-0.980874
-0.98039
-0.981298
-0.980744
-0.980788
-0.98102
-0.981896
-0.980946
-0.979738
-0.980797
-0.981195
-0.981496
-0.981092
-0.979743
-0.975189
-0.98113
-0.981192
-0.979365
-0.980766
-0.981
-0.980985
-0.980972
-0.981144
-0.979829
-0.981299
-0.980422
-0.981364
-0.980558
-0.980612
-0.981795
-0.980704
-0.975034
-0.981992
-0.980735
-0.980144
-0.980409
-0.981358
-0.980927
-0.980252
-0.98137
-0.980888
-0.981636
-0.981698
-0.980822
-0.980684
-0.980617
-0.980374
-0.980718
-0.980963
-0.98114
-0.980698
-0.981436
-0.980952
-0.980904
-0.980952
-0.980359
-0.97957
-0.97957
-0.980953
-0.97957
-0.980718
-0.980614
-0.979901
-0.980904
-0.981093
-0.980904
-0.980614
-0.981296
-0.980904
-0.97957
-0.980904
-0.981119
-0.981408
-0.981135
-0.981525
-0.981151
-0.980378
-0.982062
-0.980741
-0.979937
-0.981704
-0.981577
-0.981294
-0.981679
-0.98159
-0.982052
-0.9796
-0.980088
-0.980307
-0.979867
-0.979283
-0.979581
-0.98148
-0.980813
-0.979867
-0.979588
-0.979972
-0.979588
-0.980976
-0.980428
-0.980859
-0.98075
-0.980995
-0.981882
-0.981932
-0.981826
-0.981377
-0.982796
-0.981189
-0.980777
-0.980506
-0.980506
-0.981336
-0.980341
-0.980585
-0.98017
-0.980543
-0.980716
-0.980633
-0.980893
-0.980882
-0.981457
-0.980383
-0.980854
-0.980961
-0.980511
-0.980709
-0.980644
-0.979301
-0.980294
-0.980836
-0.981403
-0.980799
-0.98017
-0.980369
-0.981202
-0.98011
-0.980923
-0.980054
-0.979805
-0.980031
-0.980369
-0.979472
-0.980638
-0.980632
-0.979786
-0.980785
-0.980201
-0.980516
-0.979714
-0.981384
-0.98115
-0.98164
-0.980411
-0.981689
-0.980626
-0.981124
-0.980106
-0.981115
-0.981039
-0.980759
-0.981701
-0.981019
-0.982376
-0.981214
-0.981163
-0.980268
-0.980626
-0.979838
-0.981148
-0.981676
-0.980358
-0.980626
-0.981147
-0.980308
-0.981023
-0.980501
-0.981885
-0.981057
-0.979788
-0.98054
-0.981993
-0.980828
-0.98034
-0.979513
-0.979674
-0.980307
-0.980186
-0.98063
-0.979986
-0.981736
-0.980903
-0.982681
-0.980119
-0.981113
-0.980385
-0.9802
-0.981918
-0.980614
-0.980973
-0.981206
-0.979834
-0.980199
-0.980778
-0.98086
-0.98039
-0.97953
-0.980814
-0.9802
-0.980199
-0.981002
-0.980918
-0.9815
-0.981101
-0.980199
-0.981179
-0.98106
-0.981193
-0.980618
-0.980852
-0.981168
-0.981262
-0.981129
-0.981196
-0.980394
-0.981077
-0.978463
-0.981377
-0.980283
-0.980764
-0.982631
-0.981055
-0.981336
-0.980343
-0.980906
-0.982243
-0.980332
-0.981752
-0.981156
-0.981396
-0.980842
-0.981193
-0.981782
-0.982205
-0.980373
-0.981298
-0.981888
-0.980621
-0.979654
-0.980443
-0.980819
-0.979934
-0.982315
-0.980092
-0.981117
-0.980192
-0.98032
-0.982152
-0.979868
-0.981017
-0.980944
-0.980088
-0.98195
-0.982
-0.981487
-0.978954
-0.979613
-0.979868
-0.980258
-0.979794
-0.979983
-0.981895
-0.980089
-0.979266
-0.981248
-0.981148
-0.981722
-0.981561
-0.981484
-0.980965
-0.980788
-0.980555
-0.980861
-0.980681
-0.980304
-0.980272
-0.980053
-0.981746
-0.981311
-0.981971
-0.981678
-0.981606
-0.982038
-0.979565
-0.981478
-0.980778
-0.981206
-0.980605
-0.981146
-0.980714
-0.979691
-0.981252
-0.979859
-0.980272
-0.980316
-0.979783
-0.980689
-0.979804
-0.980134
-0.98099
-0.98126
-0.981046
-0.981021
-0.981057
-0.981107
-0.97996
-0.981248
-0.980863
-0.980763
-0.981329
-0.980117
-0.979945
-0.980062
-0.98068
-0.980929
-0.981285
-0.981104
-0.979856
-0.980034
-0.980763
-0.981223
-0.980935
-0.981112
-0.981472
-0.982029
-0.981798
-0.981828
-0.981681
-0.982019
-0.982466
-0.981966
-0.98246
-0.98275
-0.981899
-0.98175
-0.982129
-0.982158
-0.982051
-0.98163
-0.982034
-0.981179
-0.981777
-0.981443
-0.980033
-0.981604
-0.981678
-0.981789
-0.98208
-0.982175
-0.981544
-0.982422
-0.97875
-0.980813
-0.980415
-0.978893
-0.979144
-0.98125
-0.980934
-0.978043
-0.981999
-0.982171
-0.981621
-0.981771
-0.98087
-0.981706
-0.979144
-0.980291
-0.980219
-0.982011
-0.982116
-0.98175
-0.980578
-0.980859
-0.982223
-0.981313
-0.981672
-0.981354
-0.982203
-0.981872
-0.981318
-0.980704
-0.980993
-0.979275
-0.98022
-0.977901
-0.980512
-0.980645
-0.980585
-0.979996
-0.980731
-0.980931
-0.981077
-0.979405
-0.981394
-0.981404
-0.981073
-0.980972
-0.979875
-0.981632
-0.980687
-0.980765
-0.981381
-0.98175
-0.981021
-0.980971
-0.980776
-0.981131
-0.981041
-0.981224
-0.981253
-0.980965
-0.980523
-0.981914
-0.981139
-0.981893
-0.979534
-0.982013
-0.981041
-0.981567
-0.982049
-0.981309
-0.981143
-0.981057
-0.980315
-0.981924
-0.9813
-0.981511
-0.981769
-0.981199
-0.982066
-0.981897
-0.980946
-0.982531
-0.980771
-0.981153
-0.981912
-0.981185
-0.980755
-0.980682
-0.980682
-0.981168
-0.980682
-0.980513
-0.981191
-0.981218
-0.981185
-0.980539
-0.981102
-0.981168
-0.981242
-0.981177
-0.980846
-0.981305
-0.980892
-0.981184
-0.980892
-0.981089
-0.981948
-0.981898
-0.980988
-0.980913
-0.981219
-0.981476
-0.97988
-0.978988
-0.980909
-0.981454
-0.981721
-0.98185
-0.980628
-0.981784
-0.981694
-0.981083
-0.981685
-0.981476
-0.981155
-0.981386
-0.981137
-0.981572
-0.981334
-0.980805
-0.981571
-0.977433
-0.981821
-0.981965
-0.980812
-0.982394
-0.98241
-0.98241
-0.981981
-0.982644
-0.982314
-0.981955
-0.982383
-0.982732
-0.981299
-0.981345
-0.980884
-0.979597
-0.981367
-0.980464
-0.981214
-0.98012
-0.980443
-0.981039
-0.980708
-0.981161
-0.980591
-0.982397
-0.982828
-0.98177
-0.98062
-0.981784
-0.980183
-0.982105
-0.97856
-0.98117
-0.981696
-0.979994
-0.980377
-0.981596
-0.980723
-0.980535
-0.979569
-0.980723
-0.980535
-0.980144
-0.979967
-0.981453
-0.981377
-0.980299
-0.980195
-0.981955
-0.982275
-0.981884
-0.980979
-0.981956
-0.980978
-0.981467
-0.98149
-0.981061
-0.981234
-0.981755
-0.981513
-0.981603
-0.981849
-0.982098
-0.981223
-0.981568
-0.982412
-0.981559
-0.981567
-0.981785
-0.980343
-0.982164
-0.981724
-0.981588
-0.982031
-0.982471
-0.982329
-0.982027
-0.981259
-0.982149
-0.981897
-0.981918
-0.982508
-0.982038
-0.981733
-0.982086
-0.981168
-0.981555
-0.982144
-0.981556
-0.982011
-0.98145
-0.981578
-0.982169
-0.981471
-0.981251
-0.980521
-0.980922
-0.981231
-0.981107
-0.982
-0.981612
-0.981249
-0.981629
-0.981498
-0.981839
-0.980639
-0.981078
-0.980948
-0.981053
-0.98033
-0.981794
-0.982066
-0.98153
-0.982163
-0.981677
-0.981885
-0.981947
-0.981437
-0.979785
-0.981816
-0.981704
-0.981563
-0.980039
-0.980302
-0.980517
-0.98037
-0.979923
-0.980019
-0.980635
-0.980337
-0.98082
-0.980951
-0.981485
-0.982467
-0.981276
-0.981077
-0.981559
-0.981784
-0.981447
-0.981625
-0.979031
-0.980829
-0.980702
-0.980888
-0.980496
