-0.989459
-0.988716
-0.987657
-0.986832
-0.986832
-0.98776
-0.988215
-0.987879
-0.986558
-0.987228
-0.987489
-0.98595
-0.988196
-0.986535
-0.986028
-0.988348
-0.986489
-0.986832
-0.986832
-0.986535
-0.987909
-0.987671
-0.986117
-0.986832
-0.987654
-0.988464
-0.987952
-0.988507
-0.987776
-0.985597
-0.989907
-0.988544
-0.988623
-0.986951
-0.987979
-0.987476
-0.98897
-0.987948
-0.988697
-0.986408
-0.988866
-0.988675
-0.988866
-0.988866
-0.987984
-0.989075
-0.987869
-0.988699
-0.98863
-0.987714
-0.988409
-0.987743
-0.988217
-0.988549
-0.989815
-0.988792
-0.988003
-0.985935
-0.987342
-0.987812
-0.988944
-0.989583
-0.988332
-0.983837
-0.987575
-0.986771
-0.986545
-0.985985
-0.986982
-0.983438
-0.987892
-0.986215
-0.988513
-0.989172
-0.987148
-0.989363
-0.987867
-0.987248
-0.988325
-0.98704
-0.988836
-0.987475
-0.988312
-0.987294
-0.986024
-0.986834
-0.988219
-0.988427
-0.988156
-0.98761
-0.986123
-0.986384
-0.986384
-0.986792
-0.986125
-0.98642
-0.986177
-0.986562
-0.986384
-0.986301
-0.98642
-0.987384
-0.986961
-0.986123
-0.986384
-0.986384
-0.986384
-0.986384
-0.986595
-0.987708
-0.984439
-0.986244
-0.987537
-0.98583
-0.985971
-0.985764
-0.985443
-0.985329
-0.986015
-0.986196
-0.986417
-0.987719
-0.988094
-0.98668
-0.988312
-0.990374
-0.988568
-0.988682
-0.985534
-0.986564
-0.98646
-0.988077
-0.986317
-0.9888
-0.987529
-0.987035
-0.984195
-0.986584
-0.989197
-0.988271
-0.985307
-0.989004
-0.989113
-0.988312
-0.989046
-0.989141
-0.988656
-0.986777
-0.988401
-0.988696
-0.988545
-0.98892
-0.981274
-0.988461
-0.987811
-0.989421
-0.989218
-0.988936
-0.989692
-0.989551
-0.988814
-0.989334
-0.988578
-0.986896
-0.986761
-0.987733
-0.986681
-0.987258
-0.9806
-0.987329
-0.987071
-0.987718
-0.986377
-0.987084
-0.988045
-0.988447
-0.989109
-0.989066
-0.989332
-0.988954
-0.988997
-0.988629
-0.986943
-0.988075
-0.989471
-0.988591
-0.988705
-0.988445
-0.987176
-0.988789
-0.988727
-0.986261
-0.987842
-0.987352
-0.989049
-0.989141
-0.987342
-0.988502
-0.989019
-0.988448
-0.986484
-0.988201
-0.989576
-0.988316
-0.987267
-0.98692
-0.989258
-0.988118
-0.988092
-0.986955
-0.987434
-0.988845
-0.987591
-0.984415
-0.986314
-0.986459
-0.986136
-0.987926
-0.987631
-0.988181
-0.988779
-0.986408
-0.989439
-0.988427
-0.98864
-0.987969
-0.988115
-0.989821
-0.987548
-0.988657
-0.987748
-0.988597
-0.98694
-0.987451
-0.98694
-0.98731
-0.987135
-0.987135
-0.987321
-0.988793
-0.988477
-0.986028
-0.987869
-0.989497
-0.987869
-0.987307
-0.988712
-0.988941
-0.989149
-0.987512
-0.987891
-0.987417
-0.987595
-0.987595
-0.989264
-0.986944
-0.987962
-0.988793
-0.98915
-0.988428
-0.988188
-0.989179
-0.987551
-0.988927
-0.987522
-0.985612
-0.985622
-0.986508
-0.986491
-0.986745
-0.988002
-0.985612
-0.985947
-0.985298
-0.986184
-0.985444
-0.986064
-0.987382
-0.985635
-0.985612
-0.98828
-0.987279
-0.98465
-0.98591
-0.985927
-0.987978
-0.987551
-0.988738
-0.988398
-0.987063
-0.98836
-0.989536
-0.98827
-0.987076
-0.989017
-0.989115
-0.988393
-0.988218
-0.987983
-0.988718
-0.989248
-0.986437
-0.988676
-0.988677
-0.987125
-0.989313
-0.989595
-0.988942
-0.987791
-0.988547
-0.987558
-0.988153
-0.9896
-0.988591
-0.988388
-0.987457
-0.986664
-0.98885
-0.984141
-0.987045
-0.987045
-0.987447
-0.987627
-0.987852
-0.98816
-0.988879
-0.986597
-0.988541
-0.989322
-0.985756
-0.986969
-0.988129
-0.986408
-0.98469
-0.987468
-0.98581
-0.987701
-0.985318
-0.986958
-0.98697
-0.985129
-0.985989
-0.984995
-0.987472
-0.985436
-0.985392
-0.985392
-0.986576
-0.985216
-0.987373
-0.986645
-0.986376
-0.986336
-0.986325
-0.985434
-0.986581
-0.986565
-0.985444
-0.984499
-0.989251
-0.987437
-0.987347
-0.987497
-0.989459
-0.988601
-0.986223
-0.988094
-0.987911
-0.987176
-0.98502
-0.986731
-0.986661
-0.988529
-0.988324
-0.983912
-0.98152
-0.988097
-0.987905
-0.986501
-0.987595
-0.986985
-0.98842
-0.988495
-0.988519
-0.984925
-0.987416
-0.988247
-0.988105
-0.988272
-0.98847
-0.987906
-0.987969
-0.976652
-0.989245
-0.988072
-0.98822
-0.988916
-0.987319
-0.987797
-0.987725
-0.988928
-0.98694
-0.988617
-0.988493
-0.987889
-0.987551
-0.988399
-0.988518
-0.989253
-0.987488
-0.987299
-0.987247
-0.988186
-0.987713
-0.987321
-0.987713
-0.987301
-0.985719
-0.985719
-0.987713
-0.985719
-0.987946
-0.98746
-0.987596
-0.987321
-0.989253
-0.987321
-0.98746
-0.989064
-0.987321
-0.985719
-0.98746
-0.988576
-0.987304
-0.985772
-0.987122
-0.987759
-0.986706
-0.987595
-0.985257
-0.985854
-0.987686
-0.987661
-0.989178
-0.98952
-0.988
-0.988367
-0.984995
-0.985819
-0.987105
-0.985243
-0.983075
-0.983259
-0.987632
-0.987779
-0.985243
-0.987672
-0.988294
-0.986176
-0.986492
-0.9868
-0.988433
-0.986551
-0.987503
-0.988963
-0.9887
-0.9887
-0.986703
-0.988409
-0.988685
-0.986881
-0.98625
-0.98625
-0.987958
-0.987921
-0.986559
-0.985571
-0.988334
-0.988112
-0.988112
-0.985572
-0.988542
-0.987447
-0.987135
-0.987909
-0.988415
-0.987861
-0.986819
-0.989352
-0.987226
-0.988977
-0.989952
-0.988901
-0.98752
-0.989054
-0.988436
-0.987129
-0.986334
-0.987531
-0.985321
-0.986103
-0.985537
-0.986415
-0.985207
-0.987028
-0.986625
-0.985558
-0.987938
-0.987291
-0.986732
-0.984719
-0.988905
-0.98867
-0.989247
-0.987669
-0.989672
-0.989
-0.986745
-0.987806
-0.986994
-0.987619
-0.988306
-0.98913
-0.985929
-0.987982
-0.98776
-0.986723
-0.986218
-0.987497
-0.985821
-0.98626
-0.988123
-0.985842
-0.985862
-0.987022
-0.985928
-0.9891
-0.987265
-0.988643
-0.985992
-0.985287
-0.985975
-0.987922
-0.985443
-0.985777
-0.985035
-0.984994
-0.986436
-0.985715
-0.986463
-0.985897
-0.987594
-0.986368
-0.987485
-0.98535
-0.986838
-0.988914
-0.987751
-0.988759
-0.988149
-0.988291
-0.98816
-0.987767
-0.989344
-0.989538
-0.98789
-0.989344
-0.987271
-0.987546
-0.987731
-0.987965
-0.988005
-0.987346
-0.989023
-0.989035
-0.987965
-0.988413
-0.988878
-0.988409
-0.987925
-0.989344
-0.988326
-0.988239
-0.989007
-0.986435
-0.986776
-0.986265
-0.982518
-0.986699
-0.985998
-0.988249
-0.985699
-0.986349
-0.986735
-0.986366
-0.987634
-0.988296
-0.986203
-0.988589
-0.989805
-0.989259
-0.985492
-0.986756
-0.989734
-0.989158
-0.986565
-0.988364
-0.989477
-0.987221
-0.986215
-0.985237
-0.987945
-0.985146
-0.988323
-0.98756
-0.987761
-0.985905
-0.988173
-0.987548
-0.986172
-0.988043
-0.988606
-0.986836
-0.987889
-0.987202
-0.988866
-0.985758
-0.98652
-0.987771
-0.984217
-0.986387
-0.985047
-0.987891
-0.985936
-0.984037
-0.987719
-0.986654
-0.989275
-0.988924
-0.989365
-0.988371
-0.988369
-0.98792
-0.987085
-0.988829
-0.987974
-0.985924
-0.985833
-0.987448
-0.987382
-0.988514
-0.988322
-0.988201
-0.987772
-0.985619
-0.988045
-0.987808
-0.989045
-0.987188
-0.988241
-0.986116
-0.986612
-0.987968
-0.988959
-0.986178
-0.988766
-0.986691
-0.986077
-0.986394
-0.987848
-0.987633
-0.98753
-0.987448
-0.987752
-0.986969
-0.98809
-0.986902
-0.988056
-0.987825
-0.986812
-0.988514
-0.9861
-0.987496
-0.986542
-0.987967
-0.987756
-0.988771
-0.988625
-0.986057
-0.985827
-0.9869
-0.988622
-0.987647
-0.988402
-0.989552
-0.988773
-0.988342
-0.989245
-0.989358
-0.98971
-0.989797
-0.989023
-0.989466
-0.988986
-0.988537
-0.98863
-0.98895
-0.990216
-0.989429
-0.988884
-0.989759
-0.987867
-0.98976
-0.988406
-0.986778
-0.988493
-0.98824
-0.98976
-0.98994
-0.989725
-0.988299
-0.989569
-0.987324
-0.988443
-0.987427
-0.985445
-0.98541
-0.987174
-0.987632
-0.984206
-0.988718
-0.988356
-0.989501
-0.989178
-0.988452
-0.989384
-0.98541
-0.987393
-0.987632
-0.988319
-0.987933
-0.987782
-0.987936
-0.988431
-0.988182
-0.987542
-0.987814
-0.988324
-0.987952
-0.988915
-0.98739
-0.98719
-0.986372
-0.985496
-0.988877
-0.985438
-0.987218
-0.98903
-0.986654
-0.988895
-0.988325
-0.988224
-0.988272
-0.986732
-0.988859
-0.988483
-0.987858
-0.988139
-0.988128
-0.989121
-0.987912
-0.988282
-0.989418
-0.988791
-0.988994
-0.989097
-0.989186
-0.98899
-0.989241
-0.98927
-0.988438
-0.98927
-0.987164
-0.989546
-0.988987
-0.988976
-0.986991
-0.989105
-0.988946
-0.988963
-0.989545
-0.989428
-0.988913
-0.987998
-0.987909
-0.98948
-0.989527
-0.989125
-0.988597
-0.987708
-0.988965
-0.989488
-0.989304
-0.988965
-0.987524
-0.989304
-0.988835
-0.989241
-0.988772
-0.987012
-0.987012
-0.988339
-0.988016
-0.986691
-0.988882
-0.988784
-0.988784
-0.988339
-0.98774
-0.988772
-0.989315
-0.988991
-0.98835
-0.98941
-0.988148
-0.987818
-0.988538
-0.988454
-0.988752
-0.988746
-0.987657
-0.986556
-0.987881
-0.985907
-0.985177
-0.985747
-0.988774
-0.988003
-0.988042
-0.988305
-0.986013
-0.98864
-0.987379
-0.988293
-0.988799
-0.988809
-0.988456
-0.987826
-0.986682
-0.988497
-0.987327
-0.986486
-0.989227
-0.98151
-0.988128
-0.988575
-0.987876
-0.988632
-0.989407
-0.989407
-0.988879
-0.99015
-0.98938
-0.989275
-0.990476
-0.989333
-0.986765
-0.988744
-0.988352
-0.984678
-0.987802
-0.986117
-0.987053
-0.984258
-0.986307
-0.986701
-0.987619
-0.988022
-0.988437
-0.987562
-0.988229
-0.986092
-0.986393
-0.986124
-0.985977
-0.987979
-0.983308
-0.985699
-0.987735
-0.984891
-0.983887
-0.989133
-0.985962
-0.985823
-0.986572
-0.985962
-0.985823
-0.986109
-0.987483
-0.989711
-0.984814
-0.986294
-0.9871
-0.989197
-0.987691
-0.988003
-0.987022
-0.988961
-0.988823
-0.988916
-0.989534
-0.98883
-0.988221
-0.988696
-0.989659
-0.989372
-0.989819
-0.98811
-0.989161
-0.987818
-0.988471
-0.987056
-0.986902
-0.987963
-0.986827
-0.989614
-0.989231
-0.988923
-0.98824
-0.989065
-0.989352
-0.989816
-0.987866
-0.989334
-0.989604
-0.98865
-0.988256
-0.986245
-0.989183
-0.988042
-0.985962
-0.988327
-0.989055
-0.988462
-0.987888
-0.988639
-0.986704
-0.984699
-0.987876
-0.988535
-0.986434
-0.986795
-0.987742
-0.985861
-0.987624
-0.990006
-0.988965
-0.988625
-0.987987
-0.987618
-0.985731
-0.989682
-0.989362
-0.987609
-0.983759
-0.98996
-0.988968
-0.988394
-0.988881
-0.989261
-0.988757
-0.988482
-0.988506
-0.984571
-0.988754
-0.988457
-0.989652
-0.986437
-0.987137
-0.988286
-0.987797
-0.987001
-0.986017
-0.987661
-0.987641
-0.98823
-0.987525
-0.989404
-0.98945
-0.989622
-0.988513
-0.989709
-0.989465
-0.988305
-0.989909
-0.984692
-0.988987
-0.988301
-0.98878
-0.988492
