-0.997076
-0.996424
-0.995819
-0.996351
-0.996101
-0.996553
-0.996575
-0.996727
-0.99627
-0.996537
-0.996512
-0.996417
-0.996719
-0.996323
-0.996248
-0.996673
-0.996287
-0.996351
-0.996101
-0.996214
-0.996538
-0.996504
-0.99603
-0.996351
-0.996341
-0.996681
-0.99663
-0.996697
-0.996472
-0.996017
-0.996782
-0.996657
-0.997039
-0.99671
-0.996797
-0.996903
-0.996996
-0.996864
-0.997066
-0.996705
-0.996843
-0.997004
-0.996877
-0.996877
-0.996997
-0.997053
-0.996628
-0.996938
-0.996873
-0.996901
-0.997002
-0.996832
-0.997042
-0.996949
-0.997101
-0.996789
-0.996896
-0.996487
-0.99671
-0.996614
-0.996939
-0.996249
-0.996732
-0.995372
-0.996641
-0.996177
-0.996433
-0.99632
-0.996733
-0.995699
-0.996173
-0.995475
-0.996723
-0.996915
-0.996435
-0.997039
-0.99662
-0.996506
-0.996812
-0.996036
-0.996831
-0.996902
-0.996748
-0.996702
-0.996286
-0.99648
-0.996991
-0.996908
-0.996761
-0.99662
-0.996446
-0.996438
-0.996438
-0.996611
-0.996446
-0.996446
-0.996446
-0.996409
-0.996438
-0.996563
-0.996446
-0.996664
-0.996678
-0.996446
-0.996438
-0.996438
-0.9964
-0.996438
-0.995699
-0.996756
-0.995913
-0.996272
-0.996818
-0.996173
-0.996478
-0.996347
-0.996017
-0.996214
-0.996496
-0.996238
-0.99631
-0.996612
-0.996776
-0.996283
-0.996862
-0.996878
-0.996859
-0.996954
-0.996106
-0.996422
-0.996662
-0.99668
-0.996816
-0.996858
-0.996731
-0.996506
-0.996092
-0.996493
-0.996941
-0.996852
-0.995594
-0.996966
-0.997018
-0.996935
-0.99691
-0.996928
-0.996786
-0.996197
-0.996743
-0.996899
-0.99677
-0.996631
-0.995253
-0.996805
-0.996741
-0.996907
-0.997074
-0.996863
-0.996996
-0.996761
-0.996949
-0.996933
-0.996813
-0.996656
-0.99669
-0.996889
-0.995784
-0.996218
-0.993052
-0.996677
-0.996703
-0.99688
-0.996492
-0.996681
-0.996888
-0.996937
-0.996719
-0.997043
-0.997072
-0.996885
-0.996984
-0.996887
-0.99665
-0.996833
-0.996974
-0.997039
-0.996988
-0.996922
-0.996552
-0.997106
-0.996933
-0.995893
-0.996901
-0.996431
-0.99709
-0.996873
-0.99681
-0.997018
-0.996878
-0.996812
-0.996643
-0.996868
-0.997029
-0.996983
-0.99672
-0.996875
-0.996917
-0.996547
-0.996815
-0.996649
-0.99691
-0.996873
-0.996869
-0.995685
-0.996276
-0.996096
-0.996435
-0.99675
-0.99675
-0.996814
-0.99675
-0.996512
-0.996848
-0.996799
-0.996871
-0.996726
-0.996427
-0.99696
-0.996663
-0.996578
-0.996866
-0.997049
-0.996831
-0.996899
-0.996831
-0.996851
-0.996831
-0.996831
-0.996831
-0.996968
-0.996948
-0.996556
-0.996932
-0.997003
-0.996985
-0.996862
-0.997076
-0.997076
-0.996941
-0.996758
-0.996808
-0.996867
-0.996862
-0.996862
-0.997161
-0.996778
-0.996902
-0.996968
-0.996952
-0.996884
-0.996779
-0.996501
-0.99642
-0.996823
-0.996677
-0.995997
-0.996309
-0.996462
-0.996287
-0.99632
-0.996568
-0.995997
-0.996097
-0.99604
-0.996363
-0.99643
-0.996244
-0.996423
-0.996106
-0.995997
-0.996459
-0.996448
-0.995997
-0.996189
-0.99618
-0.996378
-0.99642
-0.996729
-0.996659
-0.996385
-0.996276
-0.996974
-0.996573
-0.995858
-0.996712
-0.996857
-0.996835
-0.99645
-0.996861
-0.996919
-0.996874
-0.996137
-0.996949
-0.996947
-0.996756
-0.996799
-0.996356
-0.996329
-0.996789
-0.99677
-0.996596
-0.996834
-0.996991
-0.996846
-0.996743
-0.996588
-0.996475
-0.996836
-0.995828
-0.996508
-0.996494
-0.996619
-0.996468
-0.996749
-0.996794
-0.996955
-0.996816
-0.996961
-0.997035
-0.996459
-0.996605
-0.99662
-0.996551
-0.995238
-0.996875
-0.996462
-0.996621
-0.996233
-0.996582
-0.996568
-0.996281
-0.996249
-0.996155
-0.996797
-0.996353
-0.996323
-0.996323
-0.996693
-0.996343
-0.996733
-0.996317
-0.996628
-0.996598
-0.99667
-0.995925
-0.996691
-0.996589
-0.996616
-0.996048
-0.997155
-0.996605
-0.99672
-0.996575
-0.997012
-0.996597
-0.996936
-0.996499
-0.996677
-0.996925
-0.996256
-0.996471
-0.996532
-0.996972
-0.996719
-0.99587
-0.994481
-0.99691
-0.996306
-0.996091
-0.996601
-0.996769
-0.996338
-0.996849
-0.996687
-0.996475
-0.996183
-0.996594
-0.996736
-0.996784
-0.996774
-0.996839
-0.996658
-0.992318
-0.99699
-0.996873
-0.996551
-0.996655
-0.996172
-0.996279
-0.996491
-0.996507
-0.996652
-0.996754
-0.996552
-0.996794
-0.996186
-0.99674
-0.996742
-0.996933
-0.996864
-0.996927
-0.996768
-0.997051
-0.99683
-0.996815
-0.996894
-0.996677
-0.99631
-0.99631
-0.996894
-0.99631
-0.996739
-0.99683
-0.996657
-0.996819
-0.996933
-0.996819
-0.99683
-0.996976
-0.996815
-0.99631
-0.99683
-0.996838
-0.996634
-0.996192
-0.996409
-0.996816
-0.996596
-0.996861
-0.996457
-0.996408
-0.996689
-0.996512
-0.996905
-0.996713
-0.996793
-0.996422
-0.996334
-0.995831
-0.996902
-0.996228
-0.995981
-0.995684
-0.996669
-0.996693
-0.995989
-0.996693
-0.996218
-0.996298
-0.996697
-0.996255
-0.996641
-0.996506
-0.996765
-0.997135
-0.997152
-0.997142
-0.995866
-0.996879
-0.996752
-0.996561
-0.996444
-0.996444
-0.99689
-0.996641
-0.996426
-0.996417
-0.996931
-0.996927
-0.996899
-0.996383
-0.99703
-0.996813
-0.996632
-0.996886
-0.996958
-0.996802
-0.996583
-0.996794
-0.996298
-0.996765
-0.996504
-0.996774
-0.99664
-0.99678
-0.996866
-0.996636
-0.996533
-0.996773
-0.996218
-0.996399
-0.996104
-0.996561
-0.996021
-0.996884
-0.996548
-0.996361
-0.996756
-0.996662
-0.996613
-0.996238
-0.996674
-0.997102
-0.997059
-0.996579
-0.997142
-0.996798
-0.997058
-0.996922
-0.996928
-0.997058
-0.996749
-0.997039
-0.996646
-0.996789
-0.996728
-0.996575
-0.996224
-0.996478
-0.996324
-0.996573
-0.996462
-0.996315
-0.996309
-0.996784
-0.996608
-0.997039
-0.996347
-0.996944
-0.996477
-0.996163
-0.996601
-0.996783
-0.996444
-0.996544
-0.995952
-0.996008
-0.996662
-0.996579
-0.996534
-0.996224
-0.99666
-0.996628
-0.996936
-0.996139
-0.996454
-0.996792
-0.996661
-0.996878
-0.996865
-0.996963
-0.996901
-0.99684
-0.996805
-0.996952
-0.996839
-0.996931
-0.996579
-0.996679
-0.996674
-0.99671
-0.996671
-0.996807
-0.99705
-0.99689
-0.99671
-0.99692
-0.996888
-0.996866
-0.996729
-0.996825
-0.996861
-0.996934
-0.996961
-0.996643
-0.99669
-0.996625
-0.995302
-0.996748
-0.996625
-0.99663
-0.996695
-0.996631
-0.996753
-0.996565
-0.996867
-0.996939
-0.996568
-0.996891
-0.997027
-0.997066
-0.996224
-0.996329
-0.996978
-0.996959
-0.996607
-0.996834
-0.997059
-0.996609
-0.996553
-0.996334
-0.996737
-0.996262
-0.99666
-0.996751
-0.996682
-0.996408
-0.996768
-0.996828
-0.996615
-0.996683
-0.996888
-0.996637
-0.996929
-0.996724
-0.996995
-0.995479
-0.996524
-0.996571
-0.996196
-0.996573
-0.996337
-0.996315
-0.996584
-0.99609
-0.996745
-0.996631
-0.996776
-0.99683
-0.996868
-0.996745
-0.996999
-0.996343
-0.996872
-0.996718
-0.996929
-0.996644
-0.996668
-0.996769
-0.996771
-0.997018
-0.996861
-0.996977
-0.997036
-0.996365
-0.996665
-0.996739
-0.996944
-0.996666
-0.996995
-0.996873
-0.996671
-0.996949
-0.997059
-0.996819
-0.997059
-0.996258
-0.996564
-0.996462
-0.996408
-0.996806
-0.996724
-0.996774
-0.996792
-0.996806
-0.99659
-0.996245
-0.996742
-0.996384
-0.996373
-0.996964
-0.996572
-0.996556
-0.996823
-0.996534
-0.99662
-0.99693
-0.996706
-0.996628
-0.996498
-0.996704
-0.997027
-0.99646
-0.996797
-0.997056
-0.997046
-0.997019
-0.997125
-0.996963
-0.997137
-0.996943
-0.99707
-0.996852
-0.997136
-0.997032
-0.99697
-0.997088
-0.997172
-0.997009
-0.99713
-0.997227
-0.996732
-0.997153
-0.996929
-0.996371
-0.996863
-0.99678
-0.997224
-0.997261
-0.997212
-0.996841
-0.997175
-0.995959
-0.997111
-0.996155
-0.995286
-0.996115
-0.996674
-0.996757
-0.994384
-0.996951
-0.996849
-0.997187
-0.997162
-0.996871
-0.997064
-0.996115
-0.996786
-0.996538
-0.997069
-0.996898
-0.996956
-0.996787
-0.996728
-0.997032
-0.996737
-0.996995
-0.996751
-0.99672
-0.996776
-0.996514
-0.996324
-0.996011
-0.995034
-0.997175
-0.995756
-0.99683
-0.997058
-0.996873
-0.997054
-0.997066
-0.996984
-0.997061
-0.996173
-0.997078
-0.996913
-0.996725
-0.996598
-0.996909
-0.996889
-0.996709
-0.996873
-0.996786
-0.996859
-0.996846
-0.996847
-0.99699
-0.996978
-0.996948
-0.997011
-0.996886
-0.996917
-0.996646
-0.99688
-0.996858
-0.997039
-0.996011
-0.996982
-0.996966
-0.996827
-0.996904
-0.997017
-0.996787
-0.996869
-0.996812
-0.997018
-0.996835
-0.996665
-0.996819
-0.996867
-0.996848
-0.997062
-0.997109
-0.997077
-0.996942
-0.997059
-0.996884
-0.996933
-0.997034
-0.996682
-0.996682
-0.997034
-0.996746
-0.996682
-0.997055
-0.997042
-0.997029
-0.997034
-0.996778
-0.996979
-0.997004
-0.99693
-0.996861
-0.99704
-0.996879
-0.996744
-0.996879
-0.996777
-0.996768
-0.996743
-0.996911
-0.996694
-0.996853
-0.996782
-0.9963
-0.996335
-0.997053
-0.997029
-0.996704
-0.997085
-0.99656
-0.997065
-0.996816
-0.997014
-0.996998
-0.996995
-0.996715
-0.996861
-0.996567
-0.996923
-0.99682
-0.99683
-0.997038
-0.994124
-0.99642
-0.997026
-0.996656
-0.996709
-0.996833
-0.996833
-0.996979
-0.997097
-0.996998
-0.996938
-0.997263
-0.996978
-0.996633
-0.997025
-0.996836
-0.996001
-0.996922
-0.996725
-0.996882
-0.996136
-0.996489
-0.996877
-0.996665
-0.996678
-0.996359
-0.996314
-0.996867
-0.996464
-0.996442
-0.996473
-0.996184
-0.996914
-0.995579
-0.996496
-0.996835
-0.996112
-0.996085
-0.996959
-0.996601
-0.995718
-0.996481
-0.996601
-0.995718
-0.996561
-0.996677
-0.996773
-0.996378
-0.995924
-0.996187
-0.997032
-0.996848
-0.996862
-0.996625
-0.996837
-0.99678
-0.996885
-0.996976
-0.996851
-0.996981
-0.996912
-0.997117
-0.997038
-0.997037
-0.996605
-0.9969
-0.996979
-0.99687
-0.99681
-0.996895
-0.997184
-0.99674
-0.997008
-0.996939
-0.997072
-0.996766
-0.997145
-0.996976
-0.99727
-0.997082
-0.997105
-0.997052
-0.99701
-0.997078
-0.996705
-0.996874
-0.99717
-0.997045
-0.997139
-0.997215
-0.997284
-0.997014
-0.996854
-0.996789
-0.996449
-0.996801
-0.996875
-0.99641
-0.996744
-0.996792
-0.99652
-0.996734
-0.99687
-0.996777
-0.997096
-0.997008
-0.996661
-0.996867
-0.99714
-0.996889
-0.996536
-0.99531
-0.99696
-0.997038
-0.99707
-0.997129
-0.997106
-0.996194
-0.996957
-0.997074
-0.995295
-0.997107
-0.996977
-0.996938
-0.996776
-0.996824
-0.996793
-0.996873
-0.99672
-0.996672
-0.996963
-0.996875
-0.996838
-0.996849
-0.996845
-0.997083
-0.997074
-0.997061
-0.997123
-0.996994
-0.996647
-0.997031
-0.994829
-0.996658
-0.996884
-0.996842
-0.996836
