-0.994683
-0.994241
-0.993667
-0.994387
-0.994412
-0.994707
-0.994531
-0.9946
-0.993928
-0.994393
-0.994393
-0.994831
-0.994669
-0.994412
-0.994543
-0.994724
-0.994412
-0.994412
-0.994387
-0.994412
-0.994494
-0.99439
-0.994335
-0.994412
-0.994254
-0.994713
-0.994519
-0.994324
-0.994329
-0.994165
-0.994441
-0.994152
-0.994745
-0.994452
-0.994426
-0.994806
-0.994844
-0.994633
-0.994894
-0.994471
-0.994422
-0.994768
-0.99447
-0.99447
-0.994702
-0.994633
-0.994466
-0.994687
-0.994422
-0.994798
-0.994729
-0.994457
-0.994874
-0.99447
-0.994834
-0.994326
-0.994523
-0.994077
-0.994452
-0.994236
-0.994844
-0.994641
-0.994401
-0.994068
-0.994472
-0.994326
-0.994156
-0.994345
-0.994702
-0.993016
-0.993751
-0.99378
-0.994344
-0.994249
-0.994388
-0.994904
-0.99393
-0.994553
-0.994424
-0.994254
-0.994979
-0.994613
-0.994413
-0.994595
-0.994138
-0.994381
-0.994717
-0.994694
-0.994337
-0.99438
-0.994235
-0.994255
-0.994255
-0.99445
-0.994084
-0.99405
-0.994213
-0.994255
-0.994255
-0.994285
-0.99405
-0.994353
-0.994516
-0.994084
-0.994255
-0.994255
-0.994255
-0.994255
-0.99397
-0.994665
-0.993954
-0.994242
-0.994776
-0.993768
-0.994849
-0.994514
-0.993889
-0.994473
-0.994622
-0.993604
-0.994284
-0.994458
-0.994671
-0.99428
-0.994889
-0.994099
-0.994462
-0.994932
-0.994422
-0.994242
-0.994684
-0.994285
-0.994673
-0.994883
-0.994717
-0.994734
-0.994475
-0.99459
-0.994694
-0.994751
-0.994236
-0.994694
-0.994724
-0.994808
-0.994587
-0.994518
-0.994451
-0.994055
-0.994308
-0.99472
-0.994269
-0.994572
-0.994174
-0.994756
-0.994807
-0.994668
-0.994984
-0.994635
-0.994913
-0.994984
-0.994808
-0.994845
-0.994377
-0.994752
-0.994298
-0.994305
-0.994471
-0.994482
-0.99309
-0.99434
-0.994415
-0.994809
-0.994397
-0.994342
-0.994539
-0.99448
-0.994238
-0.994885
-0.994828
-0.99439
-0.99486
-0.994808
-0.994397
-0.994593
-0.99429
-0.994802
-0.994249
-0.994572
-0.99439
-0.994726
-0.994281
-0.993895
-0.994651
-0.994516
-0.994733
-0.994417
-0.994787
-0.994586
-0.994291
-0.994256
-0.994262
-0.99468
-0.994257
-0.994673
-0.994692
-0.994312
-0.994695
-0.994377
-0.994194
-0.994213
-0.994578
-0.994379
-0.994647
-0.993878
-0.994183
-0.994271
-0.994672
-0.994439
-0.994511
-0.994357
-0.994518
-0.994566
-0.994695
-0.994723
-0.994398
-0.994409
-0.994234
-0.994896
-0.994409
-0.994179
-0.994498
-0.994914
-0.994677
-0.99482
-0.994677
-0.994718
-0.994728
-0.994677
-0.994677
-0.994623
-0.994495
-0.994343
-0.994798
-0.994552
-0.99482
-0.994751
-0.994597
-0.994628
-0.994473
-0.994512
-0.994512
-0.994751
-0.994751
-0.994751
-0.99491
-0.994751
-0.994551
-0.994564
-0.994528
-0.994424
-0.994289
-0.994491
-0.994513
-0.994719
-0.994562
-0.994199
-0.994269
-0.994399
-0.994772
-0.994252
-0.994658
-0.994199
-0.994252
-0.994318
-0.994375
-0.994727
-0.994458
-0.994584
-0.994323
-0.994199
-0.993921
-0.994571
-0.994269
-0.994325
-0.994179
-0.994422
-0.994513
-0.994804
-0.99436
-0.994497
-0.994341
-0.994436
-0.994345
-0.99389
-0.994889
-0.994547
-0.99482
-0.99418
-0.994536
-0.994518
-0.995096
-0.994317
-0.994354
-0.995057
-0.9947
-0.994236
-0.994632
-0.994185
-0.994335
-0.994341
-0.99467
-0.994969
-0.994753
-0.994557
-0.994432
-0.994501
-0.994786
-0.994322
-0.993972
-0.994465
-0.994465
-0.994701
-0.994184
-0.994605
-0.994749
-0.994499
-0.99461
-0.9948
-0.994731
-0.994605
-0.994666
-0.994653
-0.99469
-0.993388
-0.994434
-0.994672
-0.994361
-0.993792
-0.994255
-0.994361
-0.994121
-0.993948
-0.994138
-0.994595
-0.99401
-0.994407
-0.994672
-0.99452
-0.994283
-0.994584
-0.993905
-0.994601
-0.994449
-0.994644
-0.99354
-0.994595
-0.99455
-0.994491
-0.994054
-0.995002
-0.994162
-0.994753
-0.994427
-0.994967
-0.994377
-0.994777
-0.994394
-0.995146
-0.994738
-0.994318
-0.994549
-0.994806
-0.994795
-0.994201
-0.994307
-0.992367
-0.994623
-0.994507
-0.994684
-0.994457
-0.994401
-0.994501
-0.994784
-0.994801
-0.994414
-0.994807
-0.994323
-0.994816
-0.994285
-0.994564
-0.994519
-0.994395
-0.992195
-0.994861
-0.994633
-0.99412
-0.993817
-0.994247
-0.994406
-0.994409
-0.994366
-0.994293
-0.994828
-0.994501
-0.994402
-0.993591
-0.994538
-0.994492
-0.994167
-0.994097
-0.994577
-0.994404
-0.994675
-0.99418
-0.99415
-0.99418
-0.993968
-0.993452
-0.993452
-0.99418
-0.993452
-0.994034
-0.994096
-0.993774
-0.99415
-0.994167
-0.99415
-0.99418
-0.994438
-0.99415
-0.993452
-0.99418
-0.994742
-0.994789
-0.994897
-0.994882
-0.994999
-0.994856
-0.995089
-0.994772
-0.994508
-0.994956
-0.994795
-0.994333
-0.994774
-0.994923
-0.994518
-0.994667
-0.993982
-0.994417
-0.994316
-0.994689
-0.994516
-0.994932
-0.994523
-0.994396
-0.994171
-0.994227
-0.994171
-0.994462
-0.994591
-0.994468
-0.994453
-0.994371
-0.994794
-0.994808
-0.994736
-0.99431
-0.994948
-0.994508
-0.994535
-0.994442
-0.994442
-0.994513
-0.994428
-0.994397
-0.994542
-0.994855
-0.994872
-0.994855
-0.994873
-0.99438
-0.994932
-0.994262
-0.994685
-0.994638
-0.994452
-0.994705
-0.99424
-0.993679
-0.994124
-0.993768
-0.99444
-0.994611
-0.994687
-0.99454
-0.994417
-0.994267
-0.994463
-0.994241
-0.994397
-0.994245
-0.994383
-0.994335
-0.994576
-0.994132
-0.994149
-0.994233
-0.994047
-0.994193
-0.993952
-0.994337
-0.994805
-0.994892
-0.994308
-0.994387
-0.994532
-0.994783
-0.994422
-0.994836
-0.994714
-0.994271
-0.994556
-0.994356
-0.994774
-0.994613
-0.99469
-0.994229
-0.994156
-0.994063
-0.994338
-0.994042
-0.994667
-0.994054
-0.994358
-0.994415
-0.99436
-0.994118
-0.994682
-0.994631
-0.993903
-0.994099
-0.994897
-0.994336
-0.994543
-0.994401
-0.994274
-0.994061
-0.994374
-0.994574
-0.994091
-0.994851
-0.994552
-0.994871
-0.994401
-0.994857
-0.99424
-0.994396
-0.994854
-0.994718
-0.994752
-0.994619
-0.994738
-0.994345
-0.994347
-0.994635
-0.994345
-0.994245
-0.994559
-0.994396
-0.99445
-0.994455
-0.99471
-0.994714
-0.994487
-0.99445
-0.994637
-0.994763
-0.99466
-0.994539
-0.994345
-0.994632
-0.994779
-0.99442
-0.99471
-0.994615
-0.994464
-0.993144
-0.994688
-0.994408
-0.994332
-0.99489
-0.994237
-0.994597
-0.994021
-0.994287
-0.994857
-0.994502
-0.994804
-0.994614
-0.994618
-0.994313
-0.994386
-0.99449
-0.994653
-0.994641
-0.99471
-0.994846
-0.994516
-0.994297
-0.994544
-0.99466
-0.994315
-0.994704
-0.994593
-0.994637
-0.994389
-0.99456
-0.994816
-0.99442
-0.994604
-0.99469
-0.994547
-0.99492
-0.994522
-0.994523
-0.99302
-0.994493
-0.994558
-0.994473
-0.994045
-0.994214
-0.99468
-0.994195
-0.994033
-0.994469
-0.994322
-0.994358
-0.994431
-0.994398
-0.994295
-0.994783
-0.994076
-0.994714
-0.993839
-0.994695
-0.994638
-0.994109
-0.994543
-0.994491
-0.994829
-0.994581
-0.994498
-0.994926
-0.994398
-0.994656
-0.994271
-0.994668
-0.994407
-0.994848
-0.99462
-0.99467
-0.994742
-0.994546
-0.994638
-0.994667
-0.993548
-0.994653
-0.993951
-0.994613
-0.994323
-0.99457
-0.994733
-0.994678
-0.994547
-0.994385
-0.994129
-0.994748
-0.994162
-0.994464
-0.994796
-0.99463
-0.994124
-0.99472
-0.994136
-0.994213
-0.994431
-0.994403
-0.994581
-0.994788
-0.994691
-0.994793
-0.994298
-0.994265
-0.99442
-0.994605
-0.994307
-0.994612
-0.994498
-0.994589
-0.994884
-0.994883
-0.994801
-0.995023
-0.994671
-0.994669
-0.994784
-0.994565
-0.995033
-0.994818
-0.994821
-0.994734
-0.994848
-0.994796
-0.99431
-0.994809
-0.99474
-0.994862
-0.994918
-0.994907
-0.994819
-0.994865
-0.993297
-0.994791
-0.994051
-0.993484
-0.993896
-0.994415
-0.994554
-0.993478
-0.995029
-0.99482
-0.994887
-0.994923
-0.994562
-0.994892
-0.993896
-0.993986
-0.994633
-0.9951
-0.995092
-0.994984
-0.994706
-0.994344
-0.995113
-0.994725
-0.994997
-0.994859
-0.995064
-0.994935
-0.994612
-0.994595
-0.994296
-0.993165
-0.994649
-0.993543
-0.994748
-0.994791
-0.994579
-0.994759
-0.994814
-0.994446
-0.994877
-0.994114
-0.994809
-0.994654
-0.994769
-0.993856
-0.994622
-0.994414
-0.994344
-0.994639
-0.994088
-0.994854
-0.994587
-0.994334
-0.994346
-0.99446
-0.994384
-0.99443
-0.994645
-0.994297
-0.994224
-0.994437
-0.994672
-0.994845
-0.994414
-0.994506
-0.99443
-0.994549
-0.99483
-0.994661
-0.994689
-0.994664
-0.994278
-0.994868
-0.994295
-0.994437
-0.994837
-0.994444
-0.99401
-0.994989
-0.994746
-0.994934
-0.994699
-0.994831
-0.99472
-0.994523
-0.994522
-0.994395
-0.994395
-0.994472
-0.994425
-0.994395
-0.994924
-0.994946
-0.994916
-0.994522
-0.994837
-0.994522
-0.994523
-0.994839
-0.994436
-0.994691
-0.994504
-0.994508
-0.994504
-0.99476
-0.994722
-0.994411
-0.994775
-0.994425
-0.9947
-0.994868
-0.99415
-0.99423
-0.994778
-0.994918
-0.994422
-0.994809
-0.994499
-0.994941
-0.994227
-0.994703
-0.9944
-0.994259
-0.994416
-0.994801
-0.994243
-0.994775
-0.994333
-0.994663
-0.994438
-0.992958
-0.994289
-0.994568
-0.994074
-0.994523
-0.994903
-0.994903
-0.994827
-0.994913
-0.994608
-0.994743
-0.994758
-0.99511
-0.994632
-0.994696
-0.994579
-0.993983
-0.994812
-0.994385
-0.994776
-0.994473
-0.99431
-0.99474
-0.994332
-0.994311
-0.994182
-0.994707
-0.995103
-0.994897
-0.994484
-0.9948
-0.994273
-0.994935
-0.994023
-0.994894
-0.994972
-0.994385
-0.994604
-0.994932
-0.994895
-0.994208
-0.994584
-0.994895
-0.994208
-0.993856
-0.993666
-0.994671
-0.994812
-0.994335
-0.994046
-0.994761
-0.994874
-0.994566
-0.994525
-0.994452
-0.994372
-0.994384
-0.994564
-0.994628
-0.994551
-0.994383
-0.994665
-0.994599
-0.994749
-0.994729
-0.994623
-0.994861
-0.995196
-0.994683
-0.994656
-0.994901
-0.994542
-0.994864
-0.994814
-0.99482
-0.994761
-0.995087
-0.994759
-0.99497
-0.994782
-0.9948
-0.994535
-0.994884
-0.995101
-0.994949
-0.994515
-0.995003
-0.994794
-0.994845
-0.994961
-0.994946
-0.994985
-0.994595
-0.99462
-0.994501
-0.994482
-0.994329
-0.994355
-0.994736
-0.994447
-0.994704
-0.99472
-0.9944
-0.994382
-0.994613
-0.994615
-0.994528
-0.994585
-0.994306
-0.994296
-0.994437
-0.994056
-0.994141
-0.994763
-0.994701
-0.994768
-0.994557
-0.994079
-0.994253
-0.994678
-0.993578
-0.994767
-0.994845
-0.994785
-0.994491
-0.994362
-0.994305
-0.994461
-0.994326
-0.994437
-0.994571
-0.994496
-0.994477
-0.994453
-0.994363
-0.994861
-0.994682
-0.994706
-0.994822
-0.994486
-0.99432
-0.994242
-0.993958
-0.994066
-0.994328
-0.994449
-0.994333
