-0.996089
-0.995765
-0.99501
-0.995375
-0.995375
-0.995515
-0.995758
-0.995545
-0.995034
-0.995287
-0.995447
-0.995681
-0.995807
-0.9954
-0.99536
-0.995772
-0.995192
-0.995375
-0.995375
-0.995192
-0.995582
-0.995534
-0.995147
-0.995375
-0.995444
-0.995706
-0.996025
-0.995516
-0.995428
-0.995045
-0.995933
-0.995678
-0.996105
-0.995604
-0.995749
-0.996054
-0.996092
-0.995898
-0.996097
-0.995698
-0.995924
-0.996021
-0.995924
-0.995924
-0.996034
-0.996001
-0.995568
-0.996003
-0.995949
-0.996143
-0.995961
-0.995789
-0.99615
-0.995926
-0.996224
-0.995929
-0.995874
-0.995264
-0.995604
-0.995883
-0.996075
-0.995911
-0.995753
-0.99487
-0.995557
-0.995264
-0.99533
-0.995458
-0.995376
-0.994341
-0.995282
-0.99469
-0.995867
-0.996064
-0.995497
-0.996083
-0.995627
-0.995419
-0.995895
-0.995715
-0.996313
-0.995942
-0.995548
-0.995812
-0.995562
-0.995492
-0.996007
-0.995758
-0.995493
-0.995489
-0.994898
-0.995197
-0.995197
-0.995641
-0.994993
-0.994952
-0.994952
-0.995049
-0.995197
-0.995337
-0.994952
-0.995411
-0.995702
-0.994993
-0.995197
-0.995197
-0.995049
-0.995197
-0.995443
-0.995802
-0.994973
-0.995408
-0.995865
-0.995105
-0.995786
-0.995555
-0.99511
-0.995451
-0.995594
-0.995001
-0.995344
-0.995923
-0.995911
-0.995648
-0.995975
-0.99608
-0.995923
-0.996032
-0.995337
-0.995484
-0.995737
-0.995565
-0.995816
-0.996259
-0.995785
-0.995893
-0.995503
-0.99558
-0.996095
-0.996015
-0.995408
-0.996112
-0.996124
-0.996059
-0.996044
-0.995928
-0.995775
-0.995547
-0.995697
-0.996107
-0.995714
-0.995958
-0.994872
-0.995983
-0.995695
-0.99593
-0.996153
-0.99597
-0.996091
-0.99609
-0.99602
-0.995859
-0.995693
-0.995912
-0.995839
-0.995755
-0.995927
-0.996023
-0.992646
-0.995951
-0.99607
-0.996067
-0.995331
-0.995618
-0.99589
-0.995892
-0.995961
-0.996202
-0.996105
-0.996049
-0.996083
-0.995982
-0.995582
-0.995882
-0.996179
-0.995988
-0.995983
-0.995738
-0.995526
-0.996329
-0.996096
-0.995368
-0.995713
-0.99539
-0.996147
-0.995919
-0.996062
-0.99606
-0.995966
-0.995962
-0.995459
-0.995898
-0.996078
-0.996173
-0.995615
-0.995799
-0.996294
-0.995929
-0.995551
-0.995476
-0.996002
-0.996056
-0.995937
-0.994813
-0.995546
-0.995426
-0.995748
-0.995759
-0.995767
-0.995634
-0.995916
-0.99573
-0.996156
-0.995725
-0.995964
-0.995868
-0.995716
-0.996188
-0.995817
-0.995691
-0.995867
-0.99593
-0.995834
-0.995957
-0.995834
-0.995862
-0.995834
-0.995834
-0.995857
-0.995845
-0.995779
-0.995217
-0.996068
-0.995865
-0.995972
-0.995857
-0.995896
-0.99598
-0.995711
-0.995454
-0.995642
-0.99592
-0.995893
-0.995893
-0.996133
-0.995737
-0.995675
-0.995845
-0.995827
-0.995696
-0.995639
-0.995885
-0.995671
-0.995949
-0.995721
-0.995382
-0.995436
-0.995577
-0.995916
-0.99541
-0.995932
-0.995382
-0.995238
-0.995464
-0.995506
-0.995712
-0.995478
-0.995559
-0.995464
-0.995382
-0.995799
-0.99591
-0.995078
-0.995475
-0.995301
-0.995565
-0.995671
-0.995781
-0.995883
-0.995508
-0.995608
-0.996007
-0.99548
-0.995423
-0.995901
-0.996169
-0.996083
-0.995703
-0.996017
-0.996097
-0.996241
-0.99531
-0.996033
-0.996255
-0.995864
-0.995746
-0.995609
-0.99561
-0.996052
-0.995909
-0.995644
-0.996101
-0.996055
-0.995916
-0.99583
-0.995748
-0.995805
-0.995773
-0.995063
-0.99564
-0.99564
-0.995858
-0.995637
-0.995891
-0.995926
-0.995909
-0.99579
-0.996148
-0.995948
-0.995738
-0.995836
-0.995969
-0.995659
-0.995063
-0.995958
-0.995709
-0.995482
-0.995178
-0.995427
-0.994874
-0.995144
-0.995232
-0.995178
-0.995865
-0.995352
-0.99553
-0.99553
-0.995684
-0.995363
-0.995819
-0.995294
-0.995556
-0.995417
-0.99564
-0.99498
-0.995817
-0.995647
-0.99549
-0.995227
-0.996181
-0.99578
-0.995816
-0.99579
-0.996161
-0.995908
-0.996036
-0.995906
-0.996063
-0.996014
-0.995301
-0.99558
-0.995772
-0.996034
-0.995765
-0.994644
-0.993965
-0.99604
-0.995564
-0.995443
-0.995829
-0.995889
-0.995652
-0.995914
-0.996078
-0.99558
-0.995996
-0.995742
-0.995954
-0.995802
-0.995785
-0.995766
-0.995791
-0.993129
-0.996146
-0.995833
-0.995884
-0.99569
-0.995595
-0.995713
-0.995737
-0.995935
-0.995785
-0.995878
-0.995827
-0.996001
-0.995305
-0.995523
-0.995755
-0.995579
-0.995562
-0.995718
-0.995485
-0.995936
-0.995657
-0.995603
-0.995657
-0.995393
-0.995048
-0.995048
-0.995657
-0.995048
-0.995433
-0.995522
-0.995209
-0.995603
-0.99573
-0.995603
-0.995522
-0.996024
-0.995603
-0.995048
-0.995535
-0.996051
-0.996016
-0.995973
-0.996193
-0.996217
-0.996027
-0.996242
-0.995957
-0.99565
-0.996142
-0.996049
-0.996006
-0.996172
-0.996143
-0.995849
-0.99556
-0.995379
-0.995908
-0.995454
-0.995624
-0.995349
-0.996093
-0.995913
-0.995454
-0.995532
-0.995749
-0.995532
-0.996072
-0.995963
-0.995885
-0.995772
-0.995943
-0.996274
-0.996289
-0.996218
-0.995491
-0.995962
-0.995922
-0.995767
-0.9958
-0.9958
-0.995999
-0.995681
-0.995808
-0.995818
-0.9961
-0.996117
-0.996056
-0.995809
-0.995942
-0.995973
-0.995548
-0.995973
-0.99601
-0.995863
-0.995903
-0.995446
-0.995287
-0.995582
-0.995496
-0.995957
-0.995938
-0.995829
-0.995768
-0.995812
-0.995639
-0.995922
-0.995534
-0.995557
-0.99525
-0.995776
-0.995223
-0.995829
-0.995506
-0.995428
-0.995618
-0.995454
-0.995507
-0.995106
-0.995962
-0.996196
-0.996255
-0.995727
-0.996095
-0.995979
-0.996131
-0.995705
-0.99601
-0.996122
-0.995884
-0.996023
-0.995827
-0.996268
-0.995782
-0.995744
-0.995506
-0.995559
-0.995542
-0.995842
-0.995727
-0.99554
-0.995599
-0.995777
-0.995656
-0.995964
-0.995502
-0.996114
-0.995513
-0.995361
-0.995843
-0.996066
-0.995768
-0.995601
-0.995345
-0.99529
-0.995608
-0.995541
-0.995619
-0.995371
-0.995956
-0.995789
-0.996239
-0.995477
-0.995547
-0.995479
-0.995411
-0.996085
-0.99565
-0.99594
-0.995842
-0.995706
-0.995518
-0.995619
-0.995852
-0.995526
-0.995391
-0.995802
-0.99552
-0.995575
-0.995591
-0.995888
-0.995984
-0.995767
-0.995575
-0.995934
-0.995844
-0.995754
-0.995661
-0.995667
-0.995901
-0.995949
-0.995792
-0.995711
-0.995758
-0.995699
-0.994963
-0.995949
-0.995524
-0.995567
-0.996096
-0.99579
-0.995957
-0.995402
-0.995593
-0.996077
-0.99558
-0.995988
-0.995966
-0.99601
-0.995574
-0.995627
-0.996011
-0.996074
-0.995747
-0.996049
-0.996139
-0.995814
-0.995601
-0.995892
-0.995864
-0.995816
-0.996156
-0.995924
-0.995854
-0.995697
-0.995805
-0.996139
-0.995729
-0.996036
-0.996049
-0.995777
-0.996123
-0.995806
-0.996039
-0.995158
-0.995633
-0.995605
-0.995716
-0.995531
-0.995583
-0.995994
-0.995639
-0.995342
-0.995999
-0.995751
-0.995922
-0.99598
-0.995904
-0.995808
-0.99611
-0.995821
-0.995905
-0.99571
-0.995893
-0.995928
-0.995282
-0.995839
-0.995807
-0.996214
-0.996216
-0.996123
-0.996302
-0.995493
-0.996049
-0.99599
-0.995942
-0.995739
-0.996031
-0.995943
-0.995733
-0.996035
-0.995838
-0.995954
-0.99586
-0.99506
-0.995926
-0.995624
-0.995862
-0.996043
-0.996041
-0.995955
-0.996044
-0.995949
-0.996025
-0.995708
-0.996066
-0.995838
-0.996054
-0.996161
-0.995911
-0.995717
-0.995792
-0.995766
-0.995951
-0.996075
-0.995933
-0.995919
-0.995847
-0.995904
-0.99604
-0.995781
-0.995853
-0.996052
-0.996105
-0.996157
-0.996123
-0.996014
-0.996172
-0.996213
-0.996333
-0.996229
-0.996338
-0.996158
-0.996117
-0.996209
-0.996201
-0.99626
-0.996119
-0.996301
-0.995991
-0.996241
-0.996127
-0.995555
-0.996152
-0.996235
-0.996227
-0.996332
-0.996293
-0.996158
-0.996265
-0.994839
-0.996027
-0.995525
-0.994994
-0.995115
-0.995885
-0.99583
-0.994461
-0.99633
-0.996005
-0.996179
-0.996196
-0.996101
-0.996229
-0.995115
-0.995688
-0.996062
-0.99631
-0.996292
-0.996199
-0.996169
-0.996033
-0.996275
-0.996232
-0.996206
-0.996226
-0.996168
-0.996298
-0.995985
-0.996011
-0.995561
-0.994916
-0.995974
-0.994896
-0.996017
-0.996118
-0.995914
-0.995961
-0.996018
-0.995932
-0.996168
-0.995328
-0.996086
-0.996065
-0.995931
-0.995628
-0.99585
-0.996049
-0.995904
-0.995851
-0.99583
-0.996196
-0.995944
-0.995723
-0.995785
-0.995785
-0.995844
-0.995891
-0.995983
-0.995797
-0.995631
-0.996053
-0.995872
-0.996181
-0.995472
-0.996175
-0.995785
-0.996132
-0.996211
-0.99599
-0.995863
-0.995952
-0.995551
-0.99618
-0.996009
-0.996011
-0.996187
-0.99594
-0.996035
-0.996176
-0.995965
-0.996206
-0.995886
-0.995965
-0.995988
-0.996009
-0.99574
-0.995716
-0.995716
-0.995876
-0.995836
-0.995603
-0.996188
-0.996176
-0.996115
-0.995607
-0.996099
-0.995876
-0.996025
-0.996176
-0.995825
-0.996028
-0.995887
-0.99595
-0.995887
-0.996007
-0.996279
-0.996118
-0.996139
-0.995848
-0.996024
-0.996046
-0.995479
-0.995158
-0.996056
-0.996202
-0.996051
-0.996157
-0.995779
-0.99626
-0.996139
-0.99589
-0.99607
-0.99599
-0.99601
-0.996198
-0.995876
-0.996151
-0.995919
-0.995992
-0.99605
-0.99428
-0.995581
-0.99613
-0.995908
-0.99615
-0.995965
-0.995965
-0.996126
-0.996224
-0.99623
-0.996089
-0.996266
-0.99633
-0.995714
-0.996022
-0.995807
-0.995051
-0.996068
-0.995843
-0.996078
-0.995496
-0.995824
-0.996064
-0.995645
-0.995613
-0.995936
-0.996236
-0.996331
-0.995807
-0.995418
-0.995884
-0.995529
-0.996088
-0.994771
-0.995879
-0.996044
-0.995434
-0.995576
-0.996108
-0.995927
-0.995892
-0.995577
-0.995927
-0.995892
-0.995574
-0.995634
-0.995976
-0.99595
-0.996006
-0.995342
-0.996085
-0.996142
-0.996123
-0.995847
-0.996079
-0.99578
-0.995952
-0.995971
-0.995852
-0.99595
-0.996051
-0.996032
-0.995815
-0.996114
-0.995776
-0.995858
-0.996258
-0.996209
-0.995718
-0.996161
-0.996344
-0.995821
-0.996123
-0.996103
-0.996217
-0.996007
-0.996378
-0.996316
-0.996262
-0.996132
-0.996296
-0.996196
-0.996183
-0.996341
-0.996008
-0.996114
-0.996235
-0.996145
-0.996221
-0.996326
-0.996255
-0.996296
-0.996001
-0.996127
-0.99601
-0.996042
-0.996086
-0.995815
-0.996022
-0.995976
-0.996057
-0.996153
-0.996027
-0.995959
-0.996168
-0.996148
-0.995843
-0.995956
-0.996104
-0.995965
-0.995917
-0.995079
-0.996076
-0.996191
-0.996098
-0.996252
-0.996189
-0.995753
-0.995938
-0.99617
-0.994551
-0.99613
-0.996066
-0.99607
-0.995737
-0.995779
-0.995812
-0.995779
-0.995749
-0.995746
-0.995902
-0.995923
-0.995882
-0.99587
-0.995904
-0.996218
-0.995993
-0.996055
-0.996147
-0.996074
-0.995958
-0.996088
-0.995203
-0.995966
-0.995858
-0.996066
-0.995753
