-0.996128
-0.995846
-0.995146
-0.995613
-0.995613
-0.995641
-0.995982
-0.995655
-0.995312
-0.995433
-0.995632
-0.995797
-0.995917
-0.995628
-0.995509
-0.995898
-0.995465
-0.995613
-0.995613
-0.995465
-0.99583
-0.995696
-0.995128
-0.995613
-0.99567
-0.995776
-0.996113
-0.995771
-0.99561
-0.995231
-0.996099
-0.995995
-0.996293
-0.995932
-0.996001
-0.996254
-0.996255
-0.996113
-0.996271
-0.995955
-0.996128
-0.996249
-0.996128
-0.996128
-0.996253
-0.996242
-0.99582
-0.996206
-0.996121
-0.996324
-0.996167
-0.996065
-0.996331
-0.996145
-0.996429
-0.996159
-0.996131
-0.995672
-0.995932
-0.996025
-0.996211
-0.996036
-0.995877
-0.994811
-0.995715
-0.995426
-0.995498
-0.995619
-0.995685
-0.994785
-0.995606
-0.994901
-0.996118
-0.996174
-0.995655
-0.996236
-0.995767
-0.995544
-0.996011
-0.995833
-0.996387
-0.996026
-0.995641
-0.995795
-0.995605
-0.995635
-0.996123
-0.99592
-0.995655
-0.995632
-0.995064
-0.99532
-0.99532
-0.995628
-0.99518
-0.99514
-0.99514
-0.995147
-0.99532
-0.995445
-0.99514
-0.995498
-0.995765
-0.99518
-0.99532
-0.99532
-0.995147
-0.99532
-0.99559
-0.995949
-0.995153
-0.995538
-0.99602
-0.995271
-0.9959
-0.995689
-0.995254
-0.995571
-0.995746
-0.995138
-0.995522
-0.996061
-0.996032
-0.995791
-0.99614
-0.996286
-0.996124
-0.996197
-0.995464
-0.995619
-0.995877
-0.995724
-0.995925
-0.996377
-0.995919
-0.995961
-0.99539
-0.995737
-0.996107
-0.99614
-0.995342
-0.996199
-0.996149
-0.996027
-0.996155
-0.99611
-0.995907
-0.995669
-0.995851
-0.996248
-0.995889
-0.996158
-0.995245
-0.996176
-0.995989
-0.996144
-0.996403
-0.996243
-0.996324
-0.996293
-0.996305
-0.996076
-0.995871
-0.995886
-0.995874
-0.995796
-0.995941
-0.99609
-0.992765
-0.996064
-0.99617
-0.996171
-0.99547
-0.995764
-0.996005
-0.996035
-0.996092
-0.996323
-0.996208
-0.996191
-0.996204
-0.996093
-0.995729
-0.995975
-0.996299
-0.996181
-0.996109
-0.99604
-0.995599
-0.996472
-0.996185
-0.99547
-0.995865
-0.995527
-0.996344
-0.99597
-0.996111
-0.996266
-0.996077
-0.996063
-0.995591
-0.996064
-0.996193
-0.996292
-0.995739
-0.995982
-0.996424
-0.995995
-0.995821
-0.995691
-0.996069
-0.996185
-0.996008
-0.994899
-0.99557
-0.99554
-0.995805
-0.995878
-0.995904
-0.995756
-0.996068
-0.995768
-0.996318
-0.995833
-0.996075
-0.996017
-0.995753
-0.996339
-0.995965
-0.995889
-0.995944
-0.996068
-0.995955
-0.996072
-0.995955
-0.99598
-0.995955
-0.995955
-0.995965
-0.996037
-0.995981
-0.995424
-0.996194
-0.996067
-0.996127
-0.995973
-0.996079
-0.996146
-0.995944
-0.995718
-0.99588
-0.996036
-0.996015
-0.996017
-0.996265
-0.996015
-0.99586
-0.996037
-0.996051
-0.995924
-0.995956
-0.996144
-0.995861
-0.99612
-0.995918
-0.995573
-0.995634
-0.995777
-0.996072
-0.99566
-0.996138
-0.995573
-0.995498
-0.995746
-0.995716
-0.995838
-0.995717
-0.99577
-0.995672
-0.995573
-0.995982
-0.996046
-0.995313
-0.995672
-0.995518
-0.995741
-0.995861
-0.996
-0.996068
-0.99573
-0.995708
-0.996157
-0.995641
-0.995592
-0.996077
-0.996316
-0.996213
-0.995877
-0.996142
-0.996245
-0.996377
-0.995464
-0.996203
-0.996384
-0.996009
-0.995965
-0.995747
-0.995691
-0.996195
-0.99605
-0.995799
-0.996226
-0.996238
-0.996016
-0.995926
-0.995868
-0.995882
-0.995932
-0.995094
-0.995684
-0.995684
-0.996024
-0.995779
-0.996014
-0.996052
-0.996083
-0.995917
-0.996307
-0.99609
-0.995844
-0.995967
-0.996076
-0.995772
-0.995242
-0.996056
-0.995831
-0.99563
-0.995339
-0.995484
-0.995037
-0.995324
-0.995275
-0.995344
-0.996009
-0.995473
-0.99565
-0.99565
-0.995757
-0.99552
-0.995959
-0.995437
-0.995678
-0.995538
-0.995757
-0.995112
-0.995968
-0.995782
-0.995609
-0.995366
-0.996215
-0.995941
-0.995814
-0.99578
-0.996282
-0.996103
-0.996119
-0.995974
-0.996186
-0.996045
-0.995341
-0.995595
-0.995693
-0.996181
-0.995966
-0.9948
-0.994139
-0.996199
-0.995679
-0.995626
-0.995897
-0.996077
-0.99583
-0.996055
-0.996048
-0.995681
-0.99611
-0.995841
-0.996027
-0.995978
-0.995878
-0.995888
-0.996048
-0.993124
-0.996288
-0.995966
-0.995969
-0.995823
-0.995756
-0.995804
-0.99585
-0.996042
-0.995731
-0.995987
-0.995952
-0.996139
-0.99549
-0.995668
-0.995865
-0.995945
-0.995986
-0.996069
-0.99584
-0.996231
-0.995966
-0.995904
-0.995966
-0.995728
-0.995314
-0.995314
-0.995966
-0.995314
-0.995819
-0.995865
-0.995717
-0.995904
-0.9961
-0.995904
-0.995865
-0.996203
-0.995904
-0.995314
-0.995872
-0.996209
-0.996151
-0.996086
-0.996245
-0.996321
-0.996103
-0.996326
-0.995947
-0.99578
-0.996266
-0.996172
-0.996166
-0.996286
-0.996252
-0.995991
-0.995645
-0.995518
-0.996025
-0.99563
-0.99574
-0.995533
-0.996219
-0.996109
-0.99563
-0.995774
-0.995773
-0.995774
-0.996229
-0.996028
-0.996075
-0.995935
-0.99611
-0.996386
-0.996362
-0.996353
-0.995603
-0.996084
-0.996124
-0.995897
-0.995769
-0.995769
-0.996153
-0.995914
-0.995936
-0.995822
-0.996245
-0.996242
-0.996216
-0.995739
-0.996134
-0.995884
-0.995786
-0.996094
-0.996119
-0.996014
-0.995971
-0.995843
-0.995452
-0.995761
-0.995613
-0.996067
-0.995974
-0.99592
-0.995884
-0.995954
-0.99582
-0.996078
-0.995684
-0.995666
-0.995436
-0.995943
-0.995404
-0.996027
-0.995686
-0.99574
-0.995842
-0.995703
-0.995744
-0.995296
-0.99609
-0.996351
-0.996416
-0.995846
-0.996237
-0.996152
-0.996281
-0.995852
-0.99614
-0.996289
-0.996014
-0.996295
-0.995647
-0.99633
-0.996004
-0.995792
-0.99544
-0.995563
-0.995368
-0.995916
-0.995829
-0.995414
-0.995635
-0.995834
-0.995772
-0.99606
-0.995579
-0.996144
-0.995871
-0.995368
-0.995898
-0.996156
-0.995864
-0.995835
-0.995365
-0.995321
-0.995705
-0.995611
-0.9956
-0.995429
-0.995968
-0.995881
-0.99636
-0.995487
-0.995577
-0.995702
-0.995638
-0.996219
-0.99583
-0.996059
-0.995918
-0.995832
-0.995726
-0.995892
-0.995936
-0.995708
-0.995516
-0.995885
-0.995743
-0.99574
-0.995818
-0.995931
-0.996143
-0.99596
-0.99574
-0.996048
-0.995954
-0.995947
-0.9958
-0.995878
-0.996006
-0.996103
-0.995941
-0.995754
-0.995862
-0.995903
-0.995056
-0.996035
-0.995758
-0.995838
-0.996279
-0.995966
-0.996092
-0.995651
-0.995884
-0.996161
-0.995687
-0.996105
-0.996095
-0.996162
-0.995704
-0.995776
-0.996121
-0.996178
-0.995827
-0.996106
-0.996293
-0.99596
-0.995703
-0.995823
-0.995916
-0.995925
-0.996251
-0.995962
-0.996001
-0.995852
-0.996026
-0.996183
-0.995875
-0.996109
-0.996097
-0.995888
-0.996229
-0.996161
-0.996205
-0.995086
-0.995717
-0.995721
-0.995629
-0.995678
-0.995681
-0.996108
-0.995721
-0.995385
-0.996082
-0.995708
-0.996114
-0.9961
-0.996098
-0.995937
-0.996208
-0.995963
-0.99597
-0.995869
-0.996018
-0.996057
-0.995395
-0.996027
-0.995882
-0.996298
-0.996358
-0.99618
-0.996402
-0.995607
-0.996195
-0.996084
-0.996111
-0.99595
-0.996057
-0.996062
-0.995869
-0.996125
-0.995949
-0.996051
-0.996092
-0.995294
-0.996017
-0.995675
-0.995906
-0.996111
-0.996102
-0.996128
-0.996176
-0.996061
-0.9961
-0.995749
-0.996186
-0.995878
-0.996058
-0.996256
-0.99585
-0.99567
-0.995787
-0.995804
-0.996038
-0.996112
-0.996099
-0.995857
-0.99581
-0.995886
-0.996206
-0.995874
-0.995953
-0.996186
-0.996268
-0.996299
-0.996308
-0.996166
-0.996288
-0.996221
-0.996411
-0.99624
-0.996408
-0.996265
-0.996193
-0.996308
-0.996381
-0.996327
-0.996111
-0.996329
-0.99578
-0.996186
-0.995955
-0.995292
-0.995965
-0.996109
-0.996188
-0.996374
-0.996298
-0.995984
-0.996429
-0.994955
-0.996115
-0.995682
-0.995228
-0.995206
-0.995947
-0.995892
-0.994296
-0.996417
-0.996114
-0.996317
-0.996335
-0.996095
-0.996374
-0.995206
-0.995916
-0.99608
-0.996391
-0.996296
-0.996288
-0.996186
-0.99608
-0.99637
-0.996237
-0.996248
-0.996253
-0.996171
-0.996315
-0.995985
-0.996079
-0.995666
-0.99504
-0.996139
-0.995039
-0.996158
-0.996246
-0.99604
-0.996092
-0.996131
-0.996086
-0.996288
-0.99547
-0.996215
-0.996228
-0.996058
-0.995771
-0.995983
-0.996191
-0.995804
-0.995981
-0.995981
-0.996291
-0.996156
-0.995941
-0.996036
-0.995996
-0.996098
-0.996132
-0.996112
-0.996052
-0.995793
-0.99621
-0.996011
-0.996293
-0.995544
-0.996307
-0.995996
-0.996253
-0.996344
-0.996223
-0.996044
-0.995962
-0.995726
-0.996343
-0.996143
-0.996172
-0.996275
-0.996045
-0.996188
-0.996246
-0.996101
-0.996314
-0.99599
-0.996101
-0.996071
-0.996083
-0.995955
-0.995823
-0.995823
-0.996086
-0.99599
-0.995823
-0.9963
-0.996206
-0.996209
-0.995836
-0.996185
-0.996086
-0.996178
-0.996211
-0.996012
-0.99621
-0.99606
-0.996153
-0.99606
-0.99616
-0.996424
-0.996258
-0.996274
-0.996008
-0.996149
-0.996174
-0.995654
-0.995414
-0.996222
-0.996347
-0.996198
-0.996308
-0.995831
-0.996442
-0.996261
-0.996045
-0.996227
-0.996159
-0.996181
-0.996357
-0.99601
-0.996325
-0.99604
-0.996032
-0.996251
-0.994309
-0.995779
-0.996298
-0.996094
-0.996255
-0.996056
-0.996056
-0.996221
-0.996383
-0.996368
-0.996212
-0.99639
-0.996443
-0.995783
-0.996212
-0.996022
-0.995128
-0.996211
-0.996006
-0.99619
-0.995595
-0.995981
-0.996178
-0.995685
-0.995845
-0.996024
-0.996283
-0.996351
-0.995916
-0.995579
-0.996007
-0.9957
-0.99622
-0.994829
-0.99591
-0.996134
-0.995532
-0.995628
-0.996171
-0.996
-0.995788
-0.995708
-0.996
-0.995788
-0.995777
-0.995851
-0.996091
-0.99601
-0.99601
-0.995538
-0.996281
-0.996269
-0.996227
-0.995956
-0.996256
-0.995903
-0.996077
-0.996147
-0.995984
-0.996157
-0.996171
-0.996242
-0.996029
-0.996217
-0.995823
-0.995881
-0.996319
-0.996266
-0.995784
-0.996228
-0.996468
-0.995866
-0.996183
-0.996207
-0.996307
-0.995924
-0.996377
-0.99639
-0.99635
-0.996253
-0.996357
-0.996254
-0.996208
-0.996299
-0.996058
-0.996215
-0.996405
-0.996264
-0.996298
-0.996422
-0.996281
-0.996419
-0.996097
-0.996168
-0.995999
-0.995928
-0.996198
-0.995746
-0.996157
-0.996131
-0.995947
-0.996282
-0.996141
-0.996103
-0.996317
-0.996281
-0.995965
-0.99609
-0.996253
-0.996092
-0.995914
-0.99512
-0.996225
-0.996351
-0.996211
-0.996415
-0.996309
-0.995962
-0.996154
-0.99633
-0.994523
-0.996244
-0.996194
-0.996222
-0.995904
-0.995953
-0.99598
-0.995953
-0.995895
-0.99591
-0.996093
-0.99609
-0.996046
-0.996044
-0.996035
-0.996333
-0.996173
-0.996204
-0.996278
-0.996237
-0.996019
-0.996273
-0.995223
-0.996027
-0.996007
-0.996061
-0.99582
