-0.997449
-0.997666
-0.997534
-0.996547
-0.996547
-0.997445
-0.99764
-0.997488
-0.9971
-0.997297
-0.9975
-0.997269
-0.99768
-0.996547
-0.996557
-0.997358
-0.996647
-0.996547
-0.996547
-0.996607
-0.996967
-0.997375
-0.996765
-0.996547
-0.997051
-0.997288
-0.996615
-0.997506
-0.997335
-0.997047
-0.998032
-0.996975
-0.997558
-0.996725
-0.996884
-0.997031
-0.997198
-0.996948
-0.997524
-0.996419
-0.997598
-0.996968
-0.997199
-0.997403
-0.996543
-0.997558
-0.996735
-0.997422
-0.997466
-0.996594
-0.99742
-0.997102
-0.997304
-0.997422
-0.997934
-0.997927
-0.997102
-0.996419
-0.996725
-0.997352
-0.997463
-0.996543
-0.996962
-0.995508
-0.996548
-0.995608
-0.996193
-0.99547
-0.997015
-0.995261
-0.99712
-0.997383
-0.997108
-0.997495
-0.996817
-0.997161
-0.997447
-0.996871
-0.997692
-0.997236
-0.997564
-0.997194
-0.997286
-0.996964
-0.996063
-0.99671
-0.99665
-0.996882
-0.997525
-0.997159
-0.996618
-0.996634
-0.996634
-0.996619
-0.996661
-0.996534
-0.996661
-0.996561
-0.996845
-0.996606
-0.996534
-0.99714
-0.997231
-0.996432
-0.996845
-0.996634
-0.996634
-0.996634
-0.99668
-0.996471
-0.995732
-0.995953
-0.996483
-0.996236
-0.995656
-0.995484
-0.995922
-0.996055
-0.995908
-0.99535
-0.996261
-0.997342
-0.996459
-0.995692
-0.997054
-0.99754
-0.996425
-0.997028
-0.996053
-0.996824
-0.996197
-0.99698
-0.996591
-0.997406
-0.995452
-0.996186
-0.995543
-0.996337
-0.997696
-0.997182
-0.99681
-0.997241
-0.997594
-0.997347
-0.997693
-0.997421
-0.997248
-0.996551
-0.997068
-0.997578
-0.997252
-0.997707
-0.995557
-0.997506
-0.997545
-0.997967
-0.997801
-0.997784
-0.997832
-0.997808
-0.997772
-0.997824
-0.997225
-0.996059
-0.997132
-0.99717
-0.996571
-0.99732
-0.993917
-0.99665
-0.997072
-0.99705
-0.996469
-0.99658
-0.99765
-0.997489
-0.997664
-0.996974
-0.997357
-0.997713
-0.997434
-0.997285
-0.996544
-0.99719
-0.998035
-0.997211
-0.997687
-0.997215
-0.99687
-0.997326
-0.997728
-0.996245
-0.997452
-0.996575
-0.997658
-0.997369
-0.99693
-0.997257
-0.997805
-0.997565
-0.996723
-0.997139
-0.997814
-0.997196
-0.996832
-0.996838
-0.997214
-0.997443
-0.996705
-0.997006
-0.996304
-0.9973
-0.996972
-0.996682
-0.996951
-0.996505
-0.996763
-0.996809
-0.997067
-0.996874
-0.996911
-0.996928
-0.997918
-0.997484
-0.997829
-0.997083
-0.997307
-0.997718
-0.997416
-0.997595
-0.997037
-0.99782
-0.997318
-0.997396
-0.997318
-0.99726
-0.997318
-0.997318
-0.997318
-0.99749
-0.997449
-0.996847
-0.997441
-0.997531
-0.997297
-0.997276
-0.997758
-0.99787
-0.997504
-0.997358
-0.997314
-0.997305
-0.997257
-0.997478
-0.997683
-0.997116
-0.997235
-0.99756
-0.997796
-0.997483
-0.996856
-0.997458
-0.996819
-0.997503
-0.997022
-0.995409
-0.995579
-0.996976
-0.996494
-0.996971
-0.997083
-0.995409
-0.996606
-0.996163
-0.996652
-0.99619
-0.996472
-0.99734
-0.996714
-0.995409
-0.997199
-0.997181
-0.995409
-0.996379
-0.996667
-0.997356
-0.996819
-0.997511
-0.997591
-0.996563
-0.997894
-0.998092
-0.997197
-0.996806
-0.997701
-0.997915
-0.997638
-0.997632
-0.997552
-0.997689
-0.997374
-0.996976
-0.997752
-0.997148
-0.997122
-0.997945
-0.998047
-0.997904
-0.997738
-0.998084
-0.997135
-0.997635
-0.9978
-0.997565
-0.997511
-0.997101
-0.99674
-0.997292
-0.995895
-0.996967
-0.996967
-0.997411
-0.997099
-0.997075
-0.99696
-0.997007
-0.996705
-0.997935
-0.997874
-0.996791
-0.996698
-0.99716
-0.997086
-0.996388
-0.99734
-0.996503
-0.99636
-0.996023
-0.996853
-0.996371
-0.996178
-0.99668
-0.995392
-0.996703
-0.995953
-0.996136
-0.996141
-0.996528
-0.996024
-0.996671
-0.996141
-0.996874
-0.996664
-0.996453
-0.996063
-0.996901
-0.997122
-0.996019
-0.996068
-0.997502
-0.997372
-0.996615
-0.99709
-0.997661
-0.997672
-0.996959
-0.997563
-0.997079
-0.996806
-0.996374
-0.996281
-0.996487
-0.997239
-0.997501
-0.996044
-0.995495
-0.997249
-0.997115
-0.996744
-0.994816
-0.99684
-0.996977
-0.997479
-0.99726
-0.99674
-0.996563
-0.996831
-0.997516
-0.997011
-0.996552
-0.997196
-0.997382
-0.992361
-0.997702
-0.996925
-0.997158
-0.99701
-0.997337
-0.9974
-0.996674
-0.997488
-0.997127
-0.997477
-0.997665
-0.997409
-0.996693
-0.997275
-0.99722
-0.997312
-0.996706
-0.996734
-0.996726
-0.996778
-0.996789
-0.996612
-0.996789
-0.996444
-0.996273
-0.996273
-0.996789
-0.996273
-0.997352
-0.996717
-0.996495
-0.996612
-0.99732
-0.996612
-0.996789
-0.997438
-0.996612
-0.996273
-0.996612
-0.996881
-0.997237
-0.997078
-0.997338
-0.997455
-0.997148
-0.996865
-0.996237
-0.996733
-0.997111
-0.997416
-0.997052
-0.99697
-0.997542
-0.996927
-0.996373
-0.996533
-0.997136
-0.996216
-0.995865
-0.995975
-0.997217
-0.997273
-0.996216
-0.996737
-0.996836
-0.996669
-0.997444
-0.996827
-0.99773
-0.996857
-0.99689
-0.99754
-0.997532
-0.997633
-0.996933
-0.99736
-0.997431
-0.996901
-0.996293
-0.996293
-0.996877
-0.997018
-0.996293
-0.996583
-0.997367
-0.997429
-0.997471
-0.996315
-0.997061
-0.996891
-0.996987
-0.997483
-0.997483
-0.997264
-0.996301
-0.99663
-0.996177
-0.997154
-0.997165
-0.997309
-0.99679
-0.997028
-0.996998
-0.996958
-0.996588
-0.996696
-0.996177
-0.996482
-0.99583
-0.997178
-0.996029
-0.997556
-0.99666
-0.996723
-0.996856
-0.997403
-0.997298
-0.99666
-0.997704
-0.997557
-0.996848
-0.997002
-0.997341
-0.997069
-0.996763
-0.996525
-0.996814
-0.997026
-0.997006
-0.997565
-0.997341
-0.997605
-0.997517
-0.995935
-0.996957
-0.997067
-0.997117
-0.997359
-0.997167
-0.99669
-0.996688
-0.996962
-0.996705
-0.997303
-0.997451
-0.997793
-0.996101
-0.996101
-0.996604
-0.996877
-0.99581
-0.996352
-0.995785
-0.996053
-0.995936
-0.99626
-0.997171
-0.996773
-0.996943
-0.996592
-0.996998
-0.996259
-0.996979
-0.996996
-0.996169
-0.996826
-0.996518
-0.996502
-0.996986
-0.997199
-0.997057
-0.997458
-0.996329
-0.997282
-0.996356
-0.996902
-0.996268
-0.996629
-0.996921
-0.996513
-0.997303
-0.997108
-0.996629
-0.997089
-0.997137
-0.996636
-0.996714
-0.997508
-0.997099
-0.996882
-0.997291
-0.995949
-0.996039
-0.996785
-0.995806
-0.996463
-0.996691
-0.997773
-0.996456
-0.997027
-0.996461
-0.996899
-0.996987
-0.99734
-0.997172
-0.997317
-0.997789
-0.997007
-0.996709
-0.997075
-0.997952
-0.998123
-0.997136
-0.997432
-0.997806
-0.997247
-0.996415
-0.995735
-0.996946
-0.996504
-0.997573
-0.996779
-0.997296
-0.996937
-0.997588
-0.99752
-0.996962
-0.997608
-0.99748
-0.997089
-0.997364
-0.997345
-0.997921
-0.995828
-0.997065
-0.996903
-0.995729
-0.996723
-0.996621
-0.997453
-0.996395
-0.996403
-0.997317
-0.997163
-0.997875
-0.997724
-0.997589
-0.996512
-0.997418
-0.997275
-0.996675
-0.997694
-0.997353
-0.996959
-0.996308
-0.997271
-0.997166
-0.997119
-0.997601
-0.997821
-0.996937
-0.996314
-0.997045
-0.997429
-0.997559
-0.997005
-0.996995
-0.99684
-0.997301
-0.997287
-0.997061
-0.996678
-0.997457
-0.996665
-0.99664
-0.997409
-0.996751
-0.99734
-0.997508
-0.997075
-0.997299
-0.996948
-0.997612
-0.997697
-0.997546
-0.997035
-0.997424
-0.997674
-0.996995
-0.99728
-0.996652
-0.997506
-0.997461
-0.997809
-0.99771
-0.997195
-0.997003
-0.996833
-0.997504
-0.997246
-0.997232
-0.997877
-0.997782
-0.997606
-0.997795
-0.9978
-0.997768
-0.997491
-0.99772
-0.997494
-0.997252
-0.997688
-0.997592
-0.997298
-0.997978
-0.997516
-0.997205
-0.99752
-0.996923
-0.997432
-0.997083
-0.996817
-0.99711
-0.997097
-0.997512
-0.997391
-0.997251
-0.996917
-0.997417
-0.996155
-0.997371
-0.997291
-0.997075
-0.996197
-0.99762
-0.996602
-0.996285
-0.997315
-0.997587
-0.997448
-0.997508
-0.997453
-0.997507
-0.996197
-0.997387
-0.997125
-0.997318
-0.996587
-0.997072
-0.997396
-0.997346
-0.997045
-0.997019
-0.997248
-0.997097
-0.997063
-0.997097
-0.99739
-0.997137
-0.996257
-0.995544
-0.99739
-0.99659
-0.997581
-0.997353
-0.996947
-0.997668
-0.997157
-0.997293
-0.997364
-0.996679
-0.997329
-0.997469
-0.996367
-0.997087
-0.997345
-0.997653
-0.997241
-0.997432
-0.997816
-0.997649
-0.997492
-0.99743
-0.997493
-0.997421
-0.997494
-0.997553
-0.997568
-0.997765
-0.997581
-0.997747
-0.997566
-0.997713
-0.997139
-0.997402
-0.997591
-0.997554
-0.997851
-0.997793
-0.997515
-0.997559
-0.997009
-0.99801
-0.997489
-0.998024
-0.99763
-0.997141
-0.997059
-0.9978
-0.997733
-0.997829
-0.99743
-0.997639
-0.997858
-0.997067
-0.996889
-0.996146
-0.996146
-0.99697
-0.997469
-0.996146
-0.997531
-0.997589
-0.997605
-0.997004
-0.997214
-0.997433
-0.997531
-0.99736
-0.996589
-0.997586
-0.996463
-0.997
-0.996463
-0.997515
-0.997487
-0.997481
-0.997229
-0.99662
-0.997321
-0.997168
-0.996095
-0.996132
-0.996871
-0.997064
-0.997478
-0.997522
-0.997173
-0.997434
-0.997373
-0.997064
-0.997508
-0.998174
-0.997559
-0.99754
-0.997946
-0.997026
-0.997373
-0.99731
-0.997297
-0.995072
-0.997075
-0.997062
-0.997265
-0.996943
-0.99776
-0.99776
-0.997816
-0.997996
-0.997864
-0.997444
-0.998199
-0.997991
-0.996963
-0.99784
-0.997897
-0.996616
-0.997385
-0.996332
-0.99647
-0.996176
-0.996941
-0.996622
-0.99756
-0.997273
-0.997527
-0.997719
-0.997745
-0.996392
-0.996462
-0.996072
-0.99684
-0.996522
-0.995343
-0.99728
-0.996538
-0.995989
-0.994645
-0.997569
-0.995959
-0.997094
-0.996057
-0.995959
-0.997094
-0.997092
-0.996906
-0.997824
-0.995846
-0.997169
-0.996993
-0.997706
-0.997894
-0.997768
-0.996951
-0.997782
-0.997169
-0.997719
-0.997473
-0.997753
-0.997107
-0.997855
-0.998003
-0.99772
-0.997605
-0.997548
-0.997161
-0.997186
-0.997768
-0.997389
-0.9973
-0.99684
-0.996838
-0.997767
-0.997714
-0.997279
-0.997504
-0.99789
-0.997576
-0.997612
-0.997555
-0.997712
-0.997714
-0.997394
-0.998013
-0.99733
-0.997509
-0.997482
-0.997285
-0.997567
-0.997711
-0.997696
-0.997405
-0.997687
-0.996512
-0.997455
-0.997123
-0.997478
-0.996886
-0.996168
-0.997254
-0.995806
-0.997299
-0.997691
-0.997815
-0.997092
-0.996404
-0.997329
-0.996205
-0.997323
-0.997514
-0.997656
-0.996647
-0.997937
-0.997448
-0.996609
-0.997363
-0.997424
-0.997323
-0.997021
-0.997254
-0.996199
-0.997409
-0.997117
-0.997982
-0.99663
-0.997042
-0.997361
-0.996976
-0.996778
-0.996555
-0.997269
-0.99732
-0.997522
-0.997355
-0.99807
-0.998078
-0.9976
-0.997384
-0.997713
-0.99802
-0.997916
-0.997364
-0.99591
-0.997522
-0.996708
-0.997267
-0.997672
