-0.999393
-0.999355
-0.998657
-0.999116
-0.999006
-0.999456
-0.9994
-0.999424
-0.999219
-0.999068
-0.998948
-0.999056
-0.999453
-0.999118
-0.999169
-0.999341
-0.999019
-0.999116
-0.999006
-0.998871
-0.999203
-0.999211
-0.999167
-0.999116
-0.999162
-0.999283
-0.999422
-0.999269
-0.999384
-0.999092
-0.999233
-0.999289
-0.999564
-0.99908
-0.999183
-0.999171
-0.999509
-0.999301
-0.999411
-0.999331
-0.99939
-0.999495
-0.999216
-0.99928
-0.999385
-0.999481
-0.999224
-0.99951
-0.999164
-0.999216
-0.999441
-0.999318
-0.999375
-0.999279
-0.999658
-0.999588
-0.999318
-0.999131
-0.999146
-0.999426
-0.99938
-0.999036
-0.998986
-0.998466
-0.998995
-0.998675
-0.998929
-0.998675
-0.999196
-0.995919
-0.999076
-0.999035
-0.999046
-0.998997
-0.998991
-0.999451
-0.998627
-0.99927
-0.999329
-0.998832
-0.999534
-0.999328
-0.999149
-0.999288
-0.998808
-0.999169
-0.999392
-0.999271
-0.99944
-0.99933
-0.998966
-0.999201
-0.999232
-0.999296
-0.999001
-0.999156
-0.999186
-0.999118
-0.99918
-0.999279
-0.999156
-0.999301
-0.999138
-0.998972
-0.999232
-0.999232
-0.999118
-0.999201
-0.998283
-0.999251
-0.998838
-0.99871
-0.999358
-0.999083
-0.998884
-0.998967
-0.998832
-0.998908
-0.999105
-0.998767
-0.99885
-0.999417
-0.999188
-0.999251
-0.999254
-0.999056
-0.999348
-0.999297
-0.998739
-0.998771
-0.999231
-0.999202
-0.999481
-0.999364
-0.999218
-0.999417
-0.99907
-0.999008
-0.999552
-0.999378
-0.998661
-0.999319
-0.999563
-0.999452
-0.999346
-0.999496
-0.999476
-0.999209
-0.999451
-0.99949
-0.999492
-0.999545
-0.99742
-0.999245
-0.999414
-0.999536
-0.999502
-0.999391
-0.999629
-0.999532
-0.999578
-0.999539
-0.999497
-0.999151
-0.999289
-0.99909
-0.999236
-0.999058
-0.997199
-0.998951
-0.99898
-0.998993
-0.99893
-0.999021
-0.999108
-0.999326
-0.9992
-0.999238
-0.999343
-0.999041
-0.999401
-0.999387
-0.999143
-0.99937
-0.999556
-0.999401
-0.999374
-0.99943
-0.999116
-0.999632
-0.999553
-0.996898
-0.999405
-0.999244
-0.999571
-0.998969
-0.999248
-0.999399
-0.999622
-0.999371
-0.999097
-0.999401
-0.999371
-0.999557
-0.999031
-0.999252
-0.999477
-0.999482
-0.999117
-0.999216
-0.999216
-0.99949
-0.99922
-0.999
-0.99894
-0.998968
-0.999209
-0.999296
-0.999362
-0.999362
-0.999163
-0.999238
-0.999529
-0.99941
-0.999401
-0.999342
-0.999171
-0.999649
-0.999225
-0.99927
-0.999354
-0.999452
-0.998981
-0.999329
-0.998981
-0.999021
-0.998981
-0.998981
-0.99902
-0.999489
-0.999489
-0.999227
-0.999094
-0.999382
-0.99919
-0.999364
-0.999299
-0.999275
-0.999395
-0.99942
-0.999457
-0.999337
-0.999364
-0.999364
-0.999476
-0.999337
-0.999415
-0.999457
-0.999351
-0.999431
-0.998788
-0.998934
-0.999166
-0.99945
-0.998877
-0.998214
-0.998462
-0.997641
-0.998288
-0.998663
-0.999286
-0.998214
-0.998319
-0.999122
-0.997875
-0.99835
-0.998514
-0.99911
-0.997993
-0.998214
-0.999337
-0.999206
-0.998214
-0.99843
-0.998876
-0.999137
-0.999166
-0.99889
-0.999258
-0.999185
-0.999121
-0.999323
-0.999233
-0.99854
-0.999507
-0.999394
-0.999526
-0.999333
-0.999339
-0.99947
-0.999423
-0.998884
-0.999205
-0.99944
-0.999419
-0.999576
-0.999491
-0.998817
-0.999388
-0.99938
-0.999285
-0.999347
-0.999617
-0.999449
-0.99937
-0.998895
-0.999024
-0.999372
-0.998965
-0.999223
-0.999223
-0.999423
-0.999066
-0.999386
-0.999362
-0.999168
-0.999146
-0.999555
-0.99947
-0.999087
-0.999424
-0.999295
-0.999273
-0.997456
-0.999271
-0.999199
-0.999063
-0.999097
-0.999227
-0.999107
-0.998959
-0.999071
-0.998542
-0.999511
-0.999121
-0.999093
-0.999055
-0.999197
-0.998994
-0.999385
-0.99911
-0.999454
-0.999346
-0.999361
-0.999159
-0.999373
-0.99936
-0.999252
-0.998985
-0.999358
-0.999262
-0.999113
-0.998634
-0.999517
-0.999267
-0.999347
-0.99929
-0.999456
-0.999411
-0.999006
-0.999083
-0.999053
-0.9996
-0.999224
-0.998916
-0.996964
-0.999437
-0.999104
-0.998966
-0.998785
-0.999187
-0.999191
-0.999497
-0.999454
-0.999417
-0.999201
-0.999045
-0.999024
-0.999221
-0.999222
-0.998703
-0.999162
-0.996634
-0.999426
-0.999267
-0.999409
-0.998989
-0.998584
-0.999009
-0.999186
-0.999243
-0.999225
-0.999409
-0.999046
-0.99897
-0.998359
-0.999414
-0.999193
-0.99918
-0.999285
-0.99898
-0.999128
-0.999052
-0.999234
-0.999166
-0.999234
-0.999143
-0.998898
-0.998898
-0.999264
-0.998898
-0.999125
-0.999166
-0.999115
-0.999166
-0.99917
-0.999166
-0.999234
-0.99953
-0.999166
-0.998898
-0.999166
-0.999426
-0.999285
-0.999339
-0.999308
-0.999214
-0.999351
-0.999485
-0.998852
-0.999056
-0.999178
-0.999245
-0.999335
-0.999369
-0.999429
-0.999076
-0.999039
-0.998308
-0.99927
-0.999075
-0.998805
-0.998976
-0.999514
-0.999361
-0.99896
-0.999228
-0.999161
-0.999224
-0.999326
-0.999353
-0.999415
-0.9993
-0.999313
-0.999377
-0.99944
-0.999377
-0.999208
-0.999118
-0.99929
-0.999301
-0.999056
-0.999056
-0.999309
-0.998988
-0.999056
-0.99878
-0.999286
-0.999387
-0.999336
-0.998628
-0.99913
-0.999123
-0.999183
-0.999424
-0.999366
-0.999306
-0.998305
-0.998664
-0.998957
-0.999187
-0.998803
-0.999386
-0.998852
-0.999413
-0.999315
-0.999223
-0.999017
-0.999018
-0.998903
-0.999238
-0.998858
-0.999374
-0.998858
-0.999399
-0.999085
-0.998961
-0.998965
-0.998826
-0.999037
-0.999085
-0.999377
-0.999476
-0.999525
-0.999021
-0.999242
-0.999176
-0.999363
-0.999084
-0.999278
-0.999025
-0.999417
-0.999432
-0.999208
-0.999679
-0.999519
-0.999125
-0.999137
-0.99918
-0.99902
-0.999264
-0.999009
-0.999261
-0.998946
-0.999282
-0.999265
-0.999181
-0.999271
-0.999244
-0.99915
-0.998948
-0.999162
-0.999429
-0.999161
-0.999225
-0.999106
-0.999188
-0.999173
-0.9992
-0.999422
-0.999019
-0.999292
-0.999345
-0.999348
-0.999045
-0.999301
-0.999082
-0.999157
-0.99941
-0.999258
-0.999153
-0.999271
-0.999178
-0.9992
-0.999293
-0.999282
-0.999298
-0.999077
-0.99898
-0.999235
-0.999272
-0.999265
-0.999001
-0.99931
-0.999433
-0.999272
-0.999094
-0.999424
-0.999123
-0.999283
-0.999215
-0.999149
-0.999265
-0.999109
-0.998948
-0.998833
-0.999326
-0.998351
-0.99928
-0.999326
-0.999224
-0.999309
-0.999289
-0.99909
-0.999108
-0.999261
-0.999417
-0.999385
-0.999523
-0.999403
-0.999452
-0.998527
-0.998509
-0.999453
-0.99939
-0.999255
-0.999366
-0.99948
-0.999338
-0.999124
-0.998901
-0.999206
-0.999394
-0.999587
-0.999261
-0.999493
-0.999281
-0.999462
-0.999418
-0.999249
-0.99938
-0.999477
-0.999064
-0.999427
-0.999166
-0.999219
-0.997321
-0.999111
-0.999319
-0.99872
-0.999106
-0.999013
-0.999391
-0.998958
-0.998701
-0.99932
-0.999065
-0.999395
-0.999518
-0.999304
-0.999169
-0.999383
-0.999388
-0.999333
-0.999335
-0.999535
-0.999504
-0.998713
-0.999439
-0.9992
-0.999437
-0.999548
-0.999595
-0.999527
-0.999372
-0.999515
-0.99952
-0.999598
-0.999255
-0.999449
-0.999497
-0.999435
-0.99941
-0.999373
-0.999332
-0.9995
-0.998622
-0.999044
-0.999322
-0.998815
-0.99948
-0.999484
-0.99945
-0.99954
-0.999394
-0.999438
-0.999254
-0.999617
-0.999551
-0.999469
-0.999498
-0.999338
-0.999295
-0.999375
-0.999305
-0.999403
-0.999478
-0.999435
-0.999487
-0.999421
-0.999445
-0.999585
-0.999303
-0.999462
-0.999339
-0.999554
-0.999465
-0.999518
-0.999429
-0.999284
-0.999521
-0.999597
-0.999408
-0.999418
-0.99957
-0.999459
-0.999538
-0.999449
-0.999601
-0.999512
-0.999545
-0.999365
-0.999448
-0.999434
-0.999331
-0.999365
-0.999288
-0.999452
-0.999513
-0.999461
-0.9993
-0.999501
-0.998455
-0.999547
-0.99903
-0.998487
-0.999054
-0.999171
-0.999263
-0.998641
-0.999527
-0.999005
-0.999548
-0.999501
-0.99942
-0.999517
-0.999054
-0.99921
-0.999513
-0.999368
-0.999498
-0.999505
-0.999567
-0.999343
-0.999556
-0.99949
-0.999463
-0.999436
-0.999421
-0.999503
-0.999496
-0.999422
-0.997948
-0.997865
-0.999365
-0.998895
-0.999354
-0.999472
-0.998999
-0.999482
-0.999336
-0.999527
-0.9994
-0.99911
-0.999406
-0.999506
-0.99905
-0.99912
-0.999446
-0.999623
-0.999255
-0.999259
-0.99948
-0.999637
-0.999534
-0.999328
-0.999472
-0.999517
-0.999517
-0.999517
-0.999302
-0.999418
-0.999321
-0.999553
-0.999541
-0.999693
-0.998983
-0.999613
-0.999519
-0.999637
-0.999696
-0.999686
-0.999695
-0.999473
-0.999396
-0.999727
-0.999547
-0.999489
-0.999679
-0.9993
-0.998986
-0.999602
-0.999584
-0.999507
-0.999572
-0.999551
-0.999507
-0.999224
-0.999276
-0.999008
-0.999008
-0.999276
-0.999082
-0.998907
-0.999312
-0.999406
-0.999356
-0.999199
-0.999303
-0.999401
-0.99907
-0.999407
-0.998932
-0.99955
-0.999016
-0.999489
-0.999108
-0.999508
-0.999437
-0.999101
-0.999286
-0.999218
-0.999368
-0.999336
-0.99891
-0.9991
-0.999293
-0.999489
-0.999398
-0.999532
-0.999298
-0.999206
-0.99927
-0.999405
-0.999208
-0.999535
-0.999253
-0.999418
-0.999391
-0.999424
-0.999178
-0.999123
-0.999192
-0.997046
-0.998681
-0.999254
-0.999346
-0.999001
-0.999322
-0.999322
-0.999413
-0.999641
-0.999636
-0.999551
-0.999673
-0.999615
-0.999267
-0.999593
-0.999616
-0.999127
-0.999405
-0.99909
-0.999144
-0.998883
-0.999112
-0.99928
-0.99923
-0.999264
-0.999275
-0.99958
-0.999441
-0.999041
-0.999019
-0.998818
-0.999241
-0.998879
-0.998156
-0.999259
-0.998762
-0.998554
-0.998037
-0.999418
-0.999252
-0.999207
-0.999274
-0.999252
-0.999207
-0.998812
-0.99872
-0.999198
-0.999109
-0.999161
-0.998735
-0.999446
-0.999638
-0.999599
-0.999258
-0.999601
-0.999411
-0.999475
-0.999524
-0.999423
-0.999403
-0.99962
-0.999679
-0.999486
-0.99938
-0.998921
-0.999486
-0.999377
-0.999435
-0.999273
-0.999161
-0.999417
-0.999158
-0.999383
-0.999275
-0.999525
-0.998906
-0.999148
-0.999329
-0.999515
-0.99952
-0.999527
-0.998845
-0.999275
-0.999324
-0.999023
-0.999051
-0.999551
-0.999335
-0.999495
-0.999469
-0.999502
-0.99942
-0.999323
-0.999515
-0.999197
-0.999353
-0.999518
-0.999185
-0.99925
-0.999368
-0.999168
-0.99958
-0.999157
-0.999318
-0.999222
-0.999136
-0.999127
-0.998861
-0.999272
-0.999221
-0.999302
-0.998932
-0.998998
-0.99937
-0.999103
-0.999396
-0.998895
-0.998705
-0.998862
-0.999062
-0.998733
-0.999326
-0.999509
-0.999573
-0.999102
-0.999261
-0.99917
-0.999261
-0.999199
-0.999119
-0.999336
-0.999293
-0.999135
-0.999069
-0.999385
-0.999632
-0.999359
-0.999004
-0.999449
-0.999598
-0.999203
-0.999126
-0.997929
-0.999338
-0.999421
-0.9994
-0.999332
