-0.997191
-0.99643
-0.995862
-0.99646
-0.99646
-0.996946
-0.996811
-0.99697
-0.996637
-0.996902
-0.996871
-0.996722
-0.996994
-0.996633
-0.996583
-0.996932
-0.996574
-0.99646
-0.99646
-0.996543
-0.996872
-0.996868
-0.996389
-0.99646
-0.996702
-0.996991
-0.996674
-0.996961
-0.996676
-0.996472
-0.996962
-0.99658
-0.996879
-0.996667
-0.996706
-0.996778
-0.996952
-0.996893
-0.997085
-0.996684
-0.996849
-0.99684
-0.996871
-0.996871
-0.996935
-0.997067
-0.996539
-0.996892
-0.996883
-0.996885
-0.996987
-0.996788
-0.997003
-0.996979
-0.997051
-0.996827
-0.996876
-0.996287
-0.996667
-0.996462
-0.996882
-0.99622
-0.996806
-0.996146
-0.996642
-0.996051
-0.996324
-0.996148
-0.996818
-0.995221
-0.996169
-0.995339
-0.99689
-0.996818
-0.996535
-0.997107
-0.996599
-0.9965
-0.996817
-0.995812
-0.996927
-0.997055
-0.996901
-0.99683
-0.996399
-0.996614
-0.997112
-0.997084
-0.996834
-0.996709
-0.996538
-0.996583
-0.996583
-0.996696
-0.996538
-0.996572
-0.996572
-0.996556
-0.996583
-0.996734
-0.996572
-0.996831
-0.996808
-0.996538
-0.996583
-0.996583
-0.99656
-0.996583
-0.995716
-0.996794
-0.996037
-0.996397
-0.99684
-0.996327
-0.996584
-0.996454
-0.996116
-0.996363
-0.996603
-0.996334
-0.996368
-0.996624
-0.996882
-0.996577
-0.996985
-0.996863
-0.996986
-0.997038
-0.996254
-0.996545
-0.996719
-0.996697
-0.996919
-0.996923
-0.99663
-0.996645
-0.996265
-0.996561
-0.996959
-0.996742
-0.995086
-0.99682
-0.996894
-0.997039
-0.997043
-0.997069
-0.996923
-0.996434
-0.996832
-0.996992
-0.996862
-0.996778
-0.994229
-0.996929
-0.996926
-0.997087
-0.997143
-0.996991
-0.997038
-0.996877
-0.99689
-0.997082
-0.99687
-0.99671
-0.996738
-0.996901
-0.99583
-0.996154
-0.993586
-0.996783
-0.996817
-0.997009
-0.99653
-0.99653
-0.996961
-0.996988
-0.996842
-0.997048
-0.997165
-0.99683
-0.997014
-0.997009
-0.996692
-0.99667
-0.996983
-0.997088
-0.996819
-0.997043
-0.996402
-0.997092
-0.996916
-0.995583
-0.996972
-0.996327
-0.997109
-0.996803
-0.996814
-0.997001
-0.996856
-0.996861
-0.996622
-0.996952
-0.997036
-0.996936
-0.996607
-0.996739
-0.996896
-0.996426
-0.996835
-0.996633
-0.996895
-0.996818
-0.996946
-0.995877
-0.996466
-0.996431
-0.996673
-0.996942
-0.996942
-0.996987
-0.996892
-0.996798
-0.997133
-0.997165
-0.997125
-0.996903
-0.996896
-0.997214
-0.996818
-0.996738
-0.996774
-0.997107
-0.996761
-0.996948
-0.996761
-0.996842
-0.996761
-0.996761
-0.996876
-0.997046
-0.997025
-0.99657
-0.996991
-0.997091
-0.997034
-0.996913
-0.997152
-0.997152
-0.997053
-0.996816
-0.996926
-0.99692
-0.996913
-0.996913
-0.997229
-0.996835
-0.99696
-0.997046
-0.99704
-0.997002
-0.996806
-0.996536
-0.996351
-0.996828
-0.996587
-0.995849
-0.99614
-0.996386
-0.99633
-0.9963
-0.996313
-0.995849
-0.996075
-0.996051
-0.99632
-0.996398
-0.996338
-0.99652
-0.996114
-0.995849
-0.9963
-0.996286
-0.995849
-0.996254
-0.996268
-0.996706
-0.996351
-0.996274
-0.996507
-0.996515
-0.996303
-0.997122
-0.996898
-0.995672
-0.997004
-0.997004
-0.99694
-0.996548
-0.99698
-0.997043
-0.997046
-0.996598
-0.997004
-0.997085
-0.997
-0.997029
-0.997089
-0.996472
-0.996851
-0.996761
-0.996906
-0.997142
-0.996879
-0.996854
-0.996877
-0.996698
-0.996579
-0.996909
-0.995825
-0.996606
-0.996606
-0.996694
-0.996637
-0.99682
-0.99684
-0.996936
-0.99688
-0.996887
-0.997077
-0.996478
-0.996857
-0.996724
-0.996593
-0.994948
-0.996877
-0.996433
-0.996711
-0.996215
-0.996619
-0.996643
-0.996142
-0.996323
-0.99578
-0.996865
-0.99629
-0.996305
-0.996305
-0.996772
-0.996208
-0.99685
-0.996455
-0.996728
-0.996686
-0.996705
-0.996098
-0.996804
-0.996595
-0.996694
-0.996098
-0.997218
-0.996565
-0.996851
-0.996725
-0.996927
-0.996484
-0.996947
-0.996333
-0.996751
-0.996918
-0.996234
-0.996449
-0.99669
-0.997008
-0.996742
-0.995884
-0.994208
-0.996953
-0.996483
-0.996072
-0.996714
-0.996871
-0.996458
-0.996902
-0.996758
-0.996633
-0.996284
-0.996636
-0.996854
-0.996852
-0.996904
-0.996358
-0.9969
-0.991831
-0.996865
-0.996925
-0.996727
-0.996728
-0.995701
-0.996248
-0.996512
-0.996502
-0.996805
-0.996852
-0.996611
-0.996836
-0.996099
-0.996826
-0.99686
-0.996995
-0.996932
-0.996975
-0.996853
-0.997099
-0.996865
-0.996844
-0.996928
-0.996734
-0.99635
-0.99635
-0.996928
-0.99635
-0.996836
-0.996865
-0.996696
-0.996844
-0.997059
-0.996844
-0.996865
-0.997014
-0.996844
-0.99635
-0.996865
-0.996774
-0.996596
-0.996284
-0.996442
-0.996857
-0.996494
-0.996862
-0.996455
-0.996275
-0.996572
-0.996406
-0.996982
-0.996602
-0.99682
-0.99634
-0.996284
-0.995471
-0.996865
-0.995876
-0.995907
-0.995657
-0.996683
-0.996657
-0.995876
-0.996657
-0.996125
-0.996657
-0.996594
-0.996336
-0.996666
-0.99658
-0.996851
-0.997203
-0.997224
-0.997203
-0.99591
-0.997001
-0.996864
-0.99667
-0.996507
-0.996507
-0.996997
-0.996786
-0.996438
-0.99645
-0.997003
-0.996994
-0.997003
-0.996412
-0.99708
-0.996858
-0.996738
-0.996912
-0.997082
-0.997004
-0.996602
-0.99685
-0.996479
-0.996827
-0.996402
-0.996759
-0.996652
-0.996826
-0.996922
-0.996715
-0.996478
-0.996858
-0.996206
-0.996456
-0.996159
-0.996639
-0.996079
-0.99695
-0.996716
-0.99643
-0.996863
-0.996683
-0.996639
-0.996286
-0.996536
-0.997209
-0.997079
-0.996546
-0.997168
-0.996825
-0.997079
-0.996987
-0.996982
-0.997092
-0.996676
-0.997138
-0.996568
-0.996741
-0.996501
-0.996779
-0.996404
-0.996538
-0.9964
-0.996318
-0.996461
-0.996626
-0.996194
-0.996805
-0.996705
-0.997112
-0.99632
-0.996773
-0.996563
-0.996212
-0.996534
-0.996918
-0.996598
-0.996681
-0.996119
-0.99621
-0.996598
-0.996755
-0.996775
-0.996404
-0.996789
-0.996752
-0.996874
-0.996291
-0.996585
-0.996853
-0.996679
-0.996854
-0.996865
-0.997031
-0.996938
-0.996898
-0.996972
-0.997023
-0.996847
-0.997005
-0.996608
-0.996706
-0.996695
-0.996759
-0.996688
-0.996826
-0.997068
-0.996943
-0.996759
-0.996925
-0.997004
-0.997061
-0.996779
-0.996899
-0.996909
-0.996969
-0.997002
-0.996631
-0.996681
-0.996632
-0.995138
-0.996787
-0.996632
-0.996452
-0.99661
-0.996406
-0.996555
-0.996298
-0.996594
-0.997013
-0.996628
-0.996922
-0.997144
-0.996964
-0.996621
-0.996726
-0.997101
-0.99714
-0.996689
-0.996875
-0.997069
-0.996708
-0.996636
-0.996359
-0.996844
-0.996336
-0.996613
-0.996805
-0.996708
-0.9965
-0.996854
-0.996735
-0.996593
-0.996809
-0.996954
-0.996722
-0.996932
-0.996912
-0.997062
-0.995232
-0.996562
-0.996738
-0.996197
-0.996592
-0.996242
-0.996135
-0.996564
-0.996034
-0.996849
-0.996347
-0.996818
-0.99691
-0.996943
-0.996763
-0.997074
-0.996367
-0.996882
-0.996752
-0.997
-0.996694
-0.996526
-0.996839
-0.996701
-0.997074
-0.996869
-0.996977
-0.997046
-0.996611
-0.996653
-0.996775
-0.996992
-0.996737
-0.997059
-0.996928
-0.99668
-0.997021
-0.997142
-0.996877
-0.997131
-0.995888
-0.996618
-0.996269
-0.996696
-0.996841
-0.996532
-0.996753
-0.996686
-0.996819
-0.996494
-0.996289
-0.996815
-0.996396
-0.9962
-0.997043
-0.99671
-0.996558
-0.996947
-0.996411
-0.996518
-0.996796
-0.996872
-0.996734
-0.996574
-0.996783
-0.997032
-0.996466
-0.996852
-0.997223
-0.997027
-0.997043
-0.997206
-0.996933
-0.997215
-0.997156
-0.997082
-0.997062
-0.997089
-0.997124
-0.997027
-0.997083
-0.997228
-0.99707
-0.99725
-0.997349
-0.996922
-0.997288
-0.997098
-0.996573
-0.997061
-0.996948
-0.997357
-0.997399
-0.99733
-0.997044
-0.997162
-0.995943
-0.997178
-0.995975
-0.995077
-0.996188
-0.996748
-0.996845
-0.994713
-0.996994
-0.996913
-0.997196
-0.997188
-0.996963
-0.997121
-0.996188
-0.996554
-0.996365
-0.997051
-0.996997
-0.997098
-0.996725
-0.996805
-0.997068
-0.996832
-0.997091
-0.99676
-0.996879
-0.996812
-0.996399
-0.996207
-0.995964
-0.99431
-0.997167
-0.995463
-0.996907
-0.997147
-0.99655
-0.997114
-0.997118
-0.997028
-0.997114
-0.995891
-0.997091
-0.996904
-0.996575
-0.99648
-0.997005
-0.996887
-0.99665
-0.996968
-0.996882
-0.996853
-0.996993
-0.996953
-0.997012
-0.99703
-0.997001
-0.997072
-0.996968
-0.996974
-0.996813
-0.996925
-0.996989
-0.997013
-0.995963
-0.996989
-0.997044
-0.99688
-0.996882
-0.997057
-0.996876
-0.997032
-0.996856
-0.99696
-0.996942
-0.996727
-0.996786
-0.996768
-0.996635
-0.996879
-0.997168
-0.996942
-0.997119
-0.997149
-0.996923
-0.997052
-0.997085
-0.996697
-0.996697
-0.997085
-0.996846
-0.996697
-0.99713
-0.997133
-0.99713
-0.997085
-0.996924
-0.997022
-0.997052
-0.997028
-0.996897
-0.996969
-0.99693
-0.996778
-0.99693
-0.996776
-0.996709
-0.996605
-0.996971
-0.99669
-0.996752
-0.996681
-0.996248
-0.996221
-0.997041
-0.996983
-0.996665
-0.997042
-0.996598
-0.997026
-0.99672
-0.997069
-0.997052
-0.99697
-0.996507
-0.996887
-0.996352
-0.996937
-0.996807
-0.996874
-0.997058
-0.993085
-0.995959
-0.997056
-0.99639
-0.996685
-0.996817
-0.996817
-0.997159
-0.997231
-0.997183
-0.997083
-0.997421
-0.997185
-0.996648
-0.997124
-0.996915
-0.996059
-0.996912
-0.996607
-0.996838
-0.996374
-0.996409
-0.996844
-0.996648
-0.99666
-0.996406
-0.996345
-0.996997
-0.996636
-0.996549
-0.996374
-0.996239
-0.996716
-0.995567
-0.99645
-0.996858
-0.996131
-0.99624
-0.997015
-0.996727
-0.995602
-0.996568
-0.996727
-0.995602
-0.996476
-0.996496
-0.996814
-0.996453
-0.996244
-0.996215
-0.997158
-0.996684
-0.996852
-0.996767
-0.996833
-0.996853
-0.996864
-0.997125
-0.997026
-0.997162
-0.996804
-0.997156
-0.997144
-0.997155
-0.99665
-0.997122
-0.996906
-0.997026
-0.996776
-0.996824
-0.997119
-0.996673
-0.997237
-0.996925
-0.99696
-0.996825
-0.997122
-0.996969
-0.997272
-0.997025
-0.997156
-0.997183
-0.997066
-0.997079
-0.996612
-0.996843
-0.997122
-0.996738
-0.997009
-0.997183
-0.997222
-0.99682
-0.996984
-0.996966
-0.99639
-0.996906
-0.996996
-0.99651
-0.996722
-0.99663
-0.996617
-0.996695
-0.99682
-0.996662
-0.997114
-0.996958
-0.996454
-0.99676
-0.997128
-0.996863
-0.996615
-0.994713
-0.997055
-0.997001
-0.997078
-0.997104
-0.997145
-0.996005
-0.996736
-0.997085
-0.994674
-0.997124
-0.997048
-0.997063
-0.996698
-0.996832
-0.996845
-0.996915
-0.996592
-0.996592
-0.996915
-0.996818
-0.996895
-0.996955
-0.997028
-0.997147
-0.997239
-0.997134
-0.997209
-0.996978
-0.996819
-0.997078
-0.994563
-0.996699
-0.996892
-0.996846
-0.996932
