-0.99876
-0.998728
-0.998708
-0.998406
-0.998249
-0.998905
-0.998483
-0.998687
-0.998624
-0.998181
-0.997925
-0.997992
-0.99903
-0.998406
-0.998079
-0.998747
-0.998214
-0.998406
-0.998249
-0.998054
-0.998654
-0.998454
-0.998012
-0.998406
-0.998375
-0.998583
-0.998884
-0.998496
-0.998765
-0.998195
-0.997984
-0.998828
-0.999229
-0.99879
-0.998758
-0.998483
-0.999127
-0.998709
-0.998727
-0.99868
-0.998833
-0.999256
-0.998765
-0.998797
-0.998916
-0.998982
-0.998717
-0.999196
-0.998482
-0.998333
-0.998716
-0.998833
-0.998843
-0.998681
-0.999418
-0.99911
-0.998821
-0.998299
-0.99879
-0.999028
-0.998923
-0.998647
-0.998348
-0.997283
-0.998487
-0.997923
-0.997907
-0.997948
-0.998649
-0.995991
-0.998432
-0.998246
-0.998327
-0.998976
-0.99835
-0.998954
-0.9983
-0.998722
-0.998844
-0.998612
-0.998984
-0.998447
-0.998331
-0.998468
-0.997571
-0.998572
-0.998637
-0.998558
-0.998635
-0.998854
-0.998183
-0.998595
-0.998439
-0.998514
-0.998491
-0.998508
-0.998508
-0.998508
-0.99858
-0.998644
-0.998508
-0.998778
-0.998208
-0.998183
-0.998667
-0.998439
-0.998508
-0.998595
-0.996932
-0.998693
-0.997768
-0.99744
-0.998216
-0.998282
-0.997587
-0.997855
-0.997503
-0.997396
-0.997831
-0.997754
-0.99797
-0.998454
-0.998516
-0.99809
-0.998444
-0.998823
-0.999013
-0.998563
-0.997151
-0.997451
-0.998515
-0.998174
-0.999024
-0.998847
-0.998577
-0.998743
-0.998245
-0.99811
-0.998845
-0.999015
-0.997606
-0.998628
-0.999075
-0.998861
-0.998621
-0.998974
-0.998987
-0.998283
-0.998896
-0.998658
-0.999088
-0.998671
-0.994142
-0.998246
-0.998973
-0.999082
-0.99908
-0.998875
-0.999195
-0.999132
-0.999248
-0.999054
-0.999123
-0.99832
-0.998519
-0.998488
-0.998254
-0.99785
-0.996373
-0.997764
-0.998454
-0.998283
-0.998128
-0.998198
-0.998464
-0.998651
-0.998689
-0.998628
-0.998943
-0.998582
-0.998975
-0.9988
-0.998354
-0.99863
-0.999147
-0.998758
-0.998955
-0.998868
-0.998962
-0.999321
-0.999006
-0.99679
-0.998799
-0.998689
-0.999141
-0.997626
-0.998219
-0.998938
-0.999233
-0.998901
-0.998018
-0.998692
-0.998932
-0.999237
-0.99862
-0.998675
-0.999231
-0.998866
-0.998151
-0.998037
-0.998201
-0.998862
-0.997776
-0.997637
-0.997451
-0.997967
-0.997781
-0.998488
-0.998571
-0.998429
-0.998062
-0.997951
-0.998884
-0.998925
-0.998814
-0.998552
-0.999013
-0.999232
-0.998055
-0.999009
-0.998989
-0.998819
-0.99789
-0.998193
-0.997726
-0.99785
-0.997471
-0.997726
-0.997727
-0.998968
-0.999146
-0.998433
-0.998098
-0.998846
-0.998275
-0.998467
-0.998494
-0.99856
-0.998869
-0.998981
-0.998995
-0.998358
-0.998373
-0.9984
-0.998935
-0.998205
-0.998868
-0.999015
-0.998737
-0.998922
-0.997993
-0.998271
-0.998335
-0.999037
-0.998255
-0.997441
-0.997661
-0.997115
-0.99779
-0.998132
-0.998834
-0.997441
-0.997783
-0.998082
-0.997271
-0.997702
-0.997608
-0.998445
-0.997289
-0.997441
-0.998906
-0.998503
-0.997444
-0.997522
-0.998193
-0.998219
-0.998335
-0.998899
-0.998554
-0.998391
-0.998585
-0.99842
-0.997977
-0.997472
-0.998933
-0.998416
-0.998418
-0.998499
-0.998437
-0.998131
-0.998815
-0.997603
-0.998591
-0.998786
-0.99866
-0.999141
-0.999196
-0.998495
-0.998353
-0.998145
-0.998339
-0.998363
-0.999298
-0.999012
-0.998814
-0.997962
-0.998171
-0.998943
-0.998165
-0.998601
-0.998594
-0.998784
-0.998344
-0.998723
-0.998373
-0.998605
-0.997585
-0.998593
-0.998796
-0.998092
-0.998695
-0.998552
-0.998318
-0.995571
-0.998636
-0.99833
-0.997891
-0.998277
-0.998451
-0.998179
-0.997866
-0.997947
-0.997408
-0.998596
-0.997975
-0.997984
-0.997894
-0.998398
-0.99792
-0.998622
-0.998194
-0.999004
-0.998571
-0.998447
-0.998169
-0.998535
-0.998679
-0.998582
-0.997714
-0.998845
-0.998782
-0.998542
-0.997806
-0.999237
-0.998771
-0.99838
-0.998873
-0.999095
-0.999082
-0.998429
-0.998526
-0.99826
-0.999211
-0.998353
-0.998097
-0.996109
-0.998937
-0.998771
-0.997457
-0.997658
-0.998362
-0.99807
-0.998607
-0.998532
-0.998905
-0.998382
-0.99795
-0.998254
-0.998584
-0.99861
-0.997759
-0.998659
-0.995835
-0.99904
-0.998701
-0.998601
-0.997945
-0.997543
-0.99764
-0.998146
-0.998633
-0.997827
-0.998921
-0.998479
-0.998523
-0.997172
-0.99889
-0.998767
-0.998287
-0.998491
-0.998083
-0.998234
-0.998059
-0.998533
-0.998376
-0.998533
-0.998436
-0.99791
-0.99791
-0.998562
-0.99791
-0.998328
-0.998439
-0.998366
-0.998376
-0.998354
-0.998376
-0.998439
-0.99907
-0.998376
-0.99791
-0.998439
-0.99896
-0.998717
-0.998612
-0.998858
-0.998329
-0.998836
-0.999056
-0.998335
-0.998385
-0.998657
-0.998613
-0.998664
-0.998335
-0.998902
-0.998525
-0.998451
-0.997176
-0.998526
-0.998363
-0.997692
-0.997902
-0.999058
-0.998584
-0.998363
-0.99864
-0.99768
-0.998584
-0.998416
-0.998376
-0.998559
-0.998849
-0.998829
-0.998883
-0.999185
-0.999039
-0.998457
-0.998843
-0.998126
-0.998554
-0.998227
-0.998227
-0.998588
-0.997996
-0.998055
-0.997374
-0.998399
-0.998726
-0.998533
-0.997328
-0.998295
-0.99812
-0.99858
-0.998776
-0.99878
-0.998649
-0.997344
-0.997939
-0.998264
-0.998141
-0.998564
-0.998829
-0.998159
-0.998873
-0.998842
-0.998704
-0.998057
-0.998375
-0.998387
-0.998567
-0.998418
-0.998644
-0.998418
-0.997968
-0.997758
-0.997536
-0.997633
-0.997231
-0.997681
-0.997758
-0.998952
-0.998753
-0.998835
-0.998587
-0.998406
-0.998821
-0.998678
-0.998507
-0.998633
-0.998464
-0.998892
-0.998875
-0.998735
-0.99918
-0.999009
-0.997926
-0.997338
-0.99856
-0.998332
-0.998437
-0.998577
-0.998483
-0.998065
-0.998563
-0.998362
-0.998544
-0.999029
-0.99858
-0.998471
-0.998625
-0.998134
-0.998993
-0.998568
-0.9987
-0.998208
-0.998138
-0.99893
-0.997921
-0.998635
-0.997768
-0.998708
-0.998836
-0.998573
-0.998031
-0.998608
-0.998622
-0.998776
-0.998954
-0.998828
-0.998708
-0.998765
-0.998666
-0.998836
-0.998915
-0.998959
-0.998859
-0.998465
-0.998627
-0.998837
-0.998895
-0.998555
-0.998283
-0.99857
-0.999037
-0.998895
-0.998612
-0.99905
-0.998449
-0.998895
-0.998912
-0.998674
-0.998927
-0.998509
-0.998194
-0.998451
-0.998877
-0.996752
-0.998623
-0.998709
-0.998961
-0.998767
-0.99859
-0.998324
-0.998404
-0.998798
-0.99883
-0.998685
-0.999159
-0.998964
-0.998947
-0.997275
-0.997091
-0.998798
-0.998374
-0.99861
-0.998867
-0.999047
-0.998455
-0.998059
-0.997321
-0.998249
-0.998609
-0.999006
-0.998556
-0.998943
-0.998284
-0.998905
-0.998669
-0.99852
-0.998668
-0.999054
-0.998301
-0.998468
-0.998858
-0.99863
-0.997083
-0.998504
-0.998696
-0.997458
-0.998335
-0.997611
-0.99894
-0.997952
-0.997793
-0.998579
-0.998506
-0.998931
-0.999012
-0.998826
-0.99885
-0.998797
-0.998805
-0.998746
-0.998928
-0.999165
-0.998981
-0.998089
-0.998769
-0.998926
-0.99896
-0.999301
-0.99905
-0.998844
-0.998798
-0.999149
-0.999113
-0.999331
-0.998563
-0.998994
-0.998916
-0.998463
-0.998777
-0.998778
-0.998636
-0.998984
-0.997225
-0.998141
-0.99889
-0.99807
-0.998891
-0.999118
-0.999152
-0.999105
-0.998581
-0.999143
-0.998888
-0.999
-0.999201
-0.999087
-0.999109
-0.998615
-0.998702
-0.998845
-0.99871
-0.998979
-0.999129
-0.998952
-0.998957
-0.998625
-0.998815
-0.999142
-0.998552
-0.999162
-0.99879
-0.999039
-0.99916
-0.998962
-0.999028
-0.998804
-0.999093
-0.999162
-0.998993
-0.998881
-0.998973
-0.998961
-0.999104
-0.998907
-0.99906
-0.999043
-0.999064
-0.998757
-0.999005
-0.998745
-0.998583
-0.998846
-0.998736
-0.998998
-0.999168
-0.998982
-0.998852
-0.999103
-0.997727
-0.999027
-0.998544
-0.99746
-0.998169
-0.998836
-0.998644
-0.997635
-0.998806
-0.998455
-0.999139
-0.998878
-0.998544
-0.998959
-0.998169
-0.998852
-0.998748
-0.99851
-0.998969
-0.999042
-0.998373
-0.998424
-0.998842
-0.99876
-0.998691
-0.998643
-0.99892
-0.998684
-0.998877
-0.99888
-0.996835
-0.996051
-0.998848
-0.998461
-0.998565
-0.998957
-0.997844
-0.999095
-0.998618
-0.999055
-0.998662
-0.998537
-0.998722
-0.998892
-0.998839
-0.998136
-0.999008
-0.999359
-0.998937
-0.998575
-0.999188
-0.999388
-0.999226
-0.998693
-0.999053
-0.999153
-0.999155
-0.999151
-0.998499
-0.998981
-0.998871
-0.999159
-0.999136
-0.999341
-0.998799
-0.999323
-0.999109
-0.999375
-0.999246
-0.999375
-0.999381
-0.999036
-0.998911
-0.99945
-0.998916
-0.999082
-0.999395
-0.998792
-0.998364
-0.999029
-0.998957
-0.999124
-0.999234
-0.998927
-0.999105
-0.998674
-0.998703
-0.998276
-0.998276
-0.998742
-0.998073
-0.998123
-0.998734
-0.99902
-0.998908
-0.99865
-0.9986
-0.998823
-0.998416
-0.998672
-0.99834
-0.999251
-0.9985
-0.998947
-0.998416
-0.999104
-0.998648
-0.998535
-0.998369
-0.998429
-0.998706
-0.998527
-0.997653
-0.998029
-0.998649
-0.99868
-0.998721
-0.998854
-0.998413
-0.998399
-0.998621
-0.99872
-0.99865
-0.998908
-0.998604
-0.998465
-0.998276
-0.999086
-0.998673
-0.998592
-0.99847
-0.996635
-0.998178
-0.998643
-0.998734
-0.998486
-0.998702
-0.998702
-0.999151
-0.999324
-0.999276
-0.999004
-0.999251
-0.99906
-0.998736
-0.9991
-0.999006
-0.99818
-0.998251
-0.998284
-0.998105
-0.997639
-0.997976
-0.998071
-0.998517
-0.998583
-0.997793
-0.998954
-0.998542
-0.997945
-0.998214
-0.997916
-0.998283
-0.998343
-0.997934
-0.998478
-0.99821
-0.996707
-0.997466
-0.998594
-0.998376
-0.998491
-0.998043
-0.998376
-0.998491
-0.997968
-0.99788
-0.998316
-0.997548
-0.998401
-0.998514
-0.998952
-0.999118
-0.999172
-0.998492
-0.999245
-0.999034
-0.99921
-0.999122
-0.998852
-0.998866
-0.999001
-0.999234
-0.998667
-0.998626
-0.997607
-0.998918
-0.998095
-0.998275
-0.99845
-0.997219
-0.998644
-0.998347
-0.998654
-0.998626
-0.998745
-0.998561
-0.998356
-0.997977
-0.998707
-0.998469
-0.99849
-0.998538
-0.998416
-0.998267
-0.998301
-0.99767
-0.999061
-0.998283
-0.998624
-0.998746
-0.998595
-0.998389
-0.997892
-0.999027
-0.998598
-0.998682
-0.998896
-0.998501
-0.998857
-0.999002
-0.998443
-0.999093
-0.998496
-0.998134
-0.997982
-0.997715
-0.998602
-0.997425
-0.9983
-0.998634
-0.997049
-0.99758
-0.997145
-0.998619
-0.998043
-0.998718
-0.99755
-0.998228
-0.99783
-0.997999
-0.99826
-0.998282
-0.999297
-0.999268
-0.998559
-0.998712
-0.998545
-0.998805
-0.99835
-0.998449
-0.998805
-0.998671
-0.998096
-0.998434
-0.998922
-0.999421
-0.998958
-0.997964
-0.998883
-0.999087
-0.998804
-0.999204
-0.997037
-0.998976
-0.999058
-0.998983
-0.998649
