0.0024884
0.00250558
0.00279538
0.00246284
0.00365115
0.00274232
0.00231588
0.002318
0.00297749
0.00229059
0.0025553
0.00238332
0.00239113
0.00245256
0.00241783
0.00241678
0.00241365
0.00276494
0.00256616
0.00245453
0.00245353
0.00247718
0.00243525
0.00257553
0.00251785
0.00234201
0.00250837
0.00251817
0.0024699
0.00258948
0.00244571
0.00243493
0.002342
0.00250661
0.00240744
0.00240273
0.00238459
0.00223253
0.00223823
0.0025342
0.00215019
0.0024467
0.002269
0.00228016
0.00220397
0.00237684
0.00243675
0.00224102
0.00243311
0.00229414
0.0022402
0.00230165
0.0023705
0.0023252
0.00213417
0.00214915
0.0023356
0.00258587
0.00244648
0.00228828
0.00221155
0.00248854
0.00218392
0.00230223
0.00238976
0.00249023
0.00261783
0.00231294
0.00229279
0.00243017
0.00255373
0.00241487
0.00334855
0.00253968
0.0023523
0.0022626
0.00238969
0.00367428
0.00224996
0.00301906
0.00226646
0.00254281
0.00229243
0.0022996
0.00237767
0.00212083
0.00210376
0.00292014
0.00238455
0.00281865
0.00260018
0.00301862
0.00272356
0.0025317
0.00256101
0.00301862
0.00256688
0.00241845
0.00280733
0.0026827
0.00268608
0.00262385
0.00253815
0.00239747
0.00252809
0.0026259
0.00240016
0.00235365
0.00221233
0.00242068
0.00236608
0.00247194
0.00272545
0.00224517
0.00268637
0.00233746
0.00237789
0.00254536
0.00234017
0.002463
0.00236189
0.00224269
0.0024901
0.00253232
0.00249359
0.00326079
0.00229778
0.00245356
0.00245883
0.00242761
0.00237625
0.0022771
0.00239838
0.00223099
0.00228233
0.00241733
0.00214463
0.00230788
0.00225908
0.00239188
0.00266656
0.00250088
0.00267323
0.00339138
0.00286521
0.00244896
0.00233121
0.00254968
0.00231504
0.00234235
0.00246639
0.00251976
0.00236612
0.00230946
0.00229865
0.00256235
0.00245218
0.00239343
0.00239343
0.00260832
0.00256689
0.00224394
0.00221574
0.00225491
0.0025124
0.00240828
0.00245091
0.00284048
0.00230269
0.00253652
0.00238951
0.00248649
0.00253439
0.0029046
0.00233498
0.00264445
0.00261465
0.002197
0.00233796
0.00266464
0.00237263
0.00233956
0.00300033
0.00226731
0.00256059
0.00245268
0.00269299
0.00236982
0.00217504
0.00234112
0.00220986
0.0029108
0.00224603
0.00261145
0.0021802
0.00238311
0.00275804
0.0023975
0.00236476
0.00257989
0.0022173
0.00239156
0.00283176
0.00258363
0.00250595
0.00241736
0.00245374
0.00233696
0.00242419
0.00242226
0.00239947
0.00274216
0.00264687
0.00269029
0.00264778
0.00263505
0.00223131
0.0024223
0.00253494
0.00237789
0.00279682
0.00245934
0.00292123
0.00271108
0.00271425
0.00241969
0.00308697
0.00271842
0.00295948
0.00241529
0.00229615
0.00247357
0.00268625
0.0023047
0.002475
0.00251407
0.00236509
0.00231202
0.00228456
0.00241503
0.00254898
0.00231773
0.00220331
0.00219253
0.0021722
0.00219253
0.0021722
0.00238691
0.00227114
0.00244812
0.00254893
0.00225498
0.00238691
0.00227948
0.00243177
0.00245877
0.00237313
0.00217593
0.00213435
0.00230069
0.00223411
0.00286833
0.00249859
0.00253415
0.00270505
0.00230145
0.0024532
0.00238507
0.00248581
0.00261505
0.00251106
0.00260082
0.00226273
0.0027764
0.00236106
0.00229373
0.00235797
0.00236172
0.00238467
0.00237852
0.00236172
0.00239761
0.0023546
0.00229234
0.0024194
0.00233436
0.00254206
0.00248198
0.00242286
0.00241764
0.00260679
0.00233765
0.00233795
0.00284724
0.00256741
0.00244442
0.00246608
0.00234275
0.00243492
0.0025364
0.00242666
0.00232077
0.00231996
0.00266171
0.00256018
0.00246943
0.00239484
0.00281761
0.0024032
0.00360642
0.00224454
0.0022422
0.00258533
0.00249972
0.00222251
0.00220408
0.00258533
0.00236131
0.00266894
0.00276538
0.00257688
0.00231261
0.00264618
0.00334683
0.00298713
0.00282848
0.00308521
0.0025077
0.00310943
0.00258209
0.00258209
0.00357958
0.00265094
0.00232226
0.00258974
0.00221932
0.00230539
0.00252194
0.00235569
0.00224562
0.00265708
0.00235906
0.00205712
0.0026859
0.0022505
0.00214677
0.00252269
0.00236338
0.00230145
0.00239669
0.0023851
0.0022668
0.00235323
0.00215811
0.00244896
0.00230342
0.0024065
0.00234781
0.00228218
0.00234581
0.00230016
0.00230213
0.00224063
0.00234581
0.0022167
0.00253094
0.00236258
0.00248942
0.00234331
0.00248195
0.00252048
0.00241015
0.00249499
0.00245702
0.00236358
0.00234137
0.00241984
0.00248288
0.00258896
0.0023468
0.00250386
0.00255017
0.00235638
0.00260199
0.00214818
0.00244916
0.00289465
0.00331416
0.00281028
0.00276383
0.00282745
0.00279996
0.00282009
0.00221846
0.00279996
0.00288596
0.00280311
0.00228956
0.00271212
0.00312248
0.00279361
0.00237666
0.00314625
0.00268592
0.0028013
0.00254787
0.00237574
0.00264403
0.00282941
0.00249486
0.00244342
0.00292564
0.00239829
0.00282941
0.0031932
0.0024
0.00234701
0.00262577
0.00255683
0.00227109
0.00225793
0.00247034
0.00269157
0.00234309
0.00238298
0.0024519
0.00237746
0.00222276
0.00237256
0.00225966
0.00231073
0.00261826
0.00231861
0.00258902
0.00241292
0.0024483
0.00229695
0.00260793
0.0021896
0.00241386
0.00230576
0.0023259
0.00240116
0.00224452
0.00242245
0.00310882
0.00230559
0.00252745
0.00233639
0.00232434
0.0024648
0.00221962
0.00228446
0.00214498
0.00211936
0.00245797
0.00244749
0.00234268
0.00232936
0.00228333
0.00226681
0.00228445
0.00209721
0.00239707
0.00211426
0.00225998
0.00232345
0.00226949
0.00220243
0.00214337
0.00223041
0.00220492
0.00242274
0.00218997
0.00222963
0.00228597
0.00226592
0.00244555
0.00241649
0.00247976
0.00241649
0.00233095
0.00253425
0.00250146
0.00230633
0.0026843
0.00396109
0.00284233
0.00274165
0.00232009
0.00255806
0.00264319
0.00284233
0.00248789
0.00373401
0.00235208
0.00251069
0.00266931
0.00235932
0.00225301
0.00228093
0.00228695
0.00266577
0.00232274
0.00237335
0.00230508
0.00241779
0.00247023
0.00229289
0.00277912
0.00451746
0.00247233
0.00223006
0.0023128
0.00225221
0.00218381
0.00223481
0.00223481
0.00216255
0.00220509
0.00227474
0.00228942
0.00224525
0.00254743
0.00240258
0.00240472
0.00246767
0.00427521
0.00225603
0.0028112
0.00223683
0.00242852
0.00254025
0.00265857
0.00246585
0.0031247
0.00242409
0.00244712
0.00284084
0.00246177
0.00224206
0.00263679
0.0026479
0.00237154
0.00239154
0.00231288
0.00218744
0.0023244
0.00217585
0.00229342
0.00275816
0.00262363
0.00230645
0.00226838
0.00285379
0.00374247
0.00254025
0.00265857
0.00260924
0.00238813
0.00235222
0.00231536
0.00224378
0.00219981
0.00247126
0.00442038
0.00287734
0.00263805
0.00234326
0.00241515
0.00266722
0.00237858
0.00257545
0.00267044
0.00226829
0.00246137
0.00271529
0.00215266
0.00245554
0.00263805
0.00238445
0.00258841
0.00272488
0.00224364
0.00227437
0.00237234
0.00271529
0.00230303
0.00227874
0.00221861
0.00235033
0.00234193
0.00231012
0.00228405
0.00233092
0.00237159
0.00210925
0.00230804
0.00222355
0.00224111
0.00240822
0.00241114
0.0022614
0.00207367
0.00240948
0.00225209
0.00219438
0.00227287
0.00242403
0.00230926
0.00246849
0.00248471
0.002324
0.00227543
0.00207873
0.0026999
0.00235193
0.00242305
0.00475741
0.00292514
0.00361962
0.00267335
0.00262755
0.00226776
0.00216462
0.00253438
0.00214688
0.00233928
0.00241101
0.0025551
0.00224923
0.00230384
0.00226639
0.00222344
0.00289154
0.00253214
0.00240107
0.00257313
0.00242043
0.00398396
0.00286926
0.00246496
0.00229122
0.0022557
0.00229122
0.00229122
0.00218662
0.00286926
0.00261196
0.00268379
0.00252262
0.00237592
0.00245265
0.00278554
0.00254713
0.00264291
0.00236657
0.00246246
0.0025804
0.00243881
0.00240863
0.00221048
0.00243343
0.00235143
0.00235173
0.00236414
0.00223886
0.00225023
0.00230661
0.00234262
0.00235068
0.00241509
0.00248867
0.00231953
0.00233232
0.0023139
0.00237208
0.0024757
0.00238629
0.00238522
0.00232108
0.00244765
0.00496578
0.002457
0.00226576
0.00239184
0.00253023
0.00248906
0.00232043
0.00245144
0.00241528
0.00232209
0.00228392
0.00225902
0.00223562
0.00232872
0.00243576
0.00235709
0.00233411
0.00237583
0.00229566
0.00233923
0.00238097
0.0023029
0.00243309
0.00222459
0.00232953
0.00247233
0.00227078
0.0022804
0.00228308
0.00285252
0.00285293
0.00278558
0.00273288
0.00288641
0.00276676
0.00276676
0.00237361
0.00303828
0.00308698
0.00294815
0.00281694
0.00292917
0.00289923
0.00291584
0.00268272
0.00309753
0.00276676
0.00285252
0.00293906
0.00309785
0.00276676
0.00273988
0.00279667
0.00291584
0.00273288
0.00274211
0.00278154
0.00273988
0.00298489
0.00280899
0.00227126
0.00255449
0.00454434
0.00280899
0.00356779
0.00256684
0.00256484
0.00255117
0.00256484
0.00252264
0.00281165
0.0025758
0.00259651
0.00259821
0.00250888
0.00272812
0.00247278
0.00272426
0.0026051
0.00252532
0.00268745
0.00250888
0.00272426
0.0026051
0.00252532
0.00245334
0.00252264
0.00247501
0.0026051
0.00345423
0.00263129
0.00345423
0.00234646
0.00313295
0.00252184
0.00264723
0.00235042
0.0027728
0.00258616
0.00239223
0.00282444
0.00228453
0.00230022
0.0023432
0.00282059
0.00224933
0.00275993
0.00237368
0.00240907
0.00243438
0.00211971
0.00235125
0.00236631
0.00227386
0.00232461
0.00267405
0.00230748
0.00245558
0.00244296
0.00230133
0.00232344
0.00248198
0.00283524
0.00233697
0.00257061
0.00240999
0.00226171
0.00226042
0.00241568
0.00226919
0.00254968
0.00222216
0.00232661
0.00258243
0.00231371
0.0022312
0.00269377
0.00238659
0.00247802
0.00240481
0.00247363
0.00242654
0.00247363
0.00247363
0.00247363
0.00247363
0.00247363
0.00254549
0.00247363
0.00258243
0.00231371
0.0022312
0.00269377
0.00238659
0.00247802
0.00240481
0.00247363
0.00242654
0.00247363
0.00247363
0.00247363
0.00242024
0.00225522
0.00223399
0.00229286
0.0022702
0.00238543
0.00237553
0.00230052
0.00235124
0.0023966
0.00399198
0.00266913
0.00232133
0.00259775
0.00243411
0.00230128
0.00229745
0.00256421
0.00266914
0.00233698
0.00245143
0.0026945
0.00229823
0.00233351
0.0023833
0.00266913
0.00234579
0.0026496
0.00235066
0.00266913
0.00243336
0.00246162
0.00247736
0.00237549
0.002427
0.00245643
0.00219323
0.00243574
0.00279996
0.00229021
0.0023375
0.00223809
0.00227385
0.0023312
0.00245308
0.00221895
0.00225246
0.00279996
0.00250237
0.00232625
0.00227673
0.00278054
0.0024947
0.00214766
0.0021399
0.00233946
0.0024274
0.00250627
0.00209186
0.00252819
0.00212764
0.00271966
0.00243937
0.0021301
0.00245779
0.00238329
0.0026731
0.00250875
0.002404
0.00252641
0.00237118
0.00237332
0.00234929
0.00253266
0.00240761
0.00253266
0.0022395
0.00247421
0.0024961
0.00236463
0.0024856
0.00240198
0.00226834
0.00234973
0.00251752
0.00239433
0.00252641
0.00247421
0.00253125
0.00247971
0.00234979
0.00226689
0.00236463
0.00248036
0.0024856
0.00253266
0.00242035
0.0023418
0.00250882
0.00233575
0.00227075
0.00246639
0.00229925
0.00247747
0.00245993
0.00244478
0.00313615
0.00448263
0.00231236
0.00236375
0.00241862
0.00250221
0.0023205
0.00351668
0.00214452
0.00238573
0.00322551
0.00235324
0.00374368
0.00210718
0.00235259
0.00347802
0.00224136
0.00234241
0.0021703
0.00232654
0.00213933
0.00234895
0.00225352
0.00234895
0.00220487
0.00227446
0.00237034
0.00210734
0.00223018
0.00237288
0.00249268
0.00231924
0.0028548
0.00246931
0.00246203
0.00242052
0.00250357
0.00258302
0.00243152
0.0023981
0.00235215
0.00229918
0.00265081
0.00233635
0.00264504
0.00264679
0.00259372
0.00252099
0.00239121
0.00216153
0.00225822
