0.00239404
0.00234603
0.00273377
0.00221773
0.00417438
0.00247351
0.00213099
0.00207067
0.0027206
0.00201678
0.00241703
0.00212411
0.00203661
0.00204904
0.00211569
0.00203103
0.00207279
0.00216119
0.00215616
0.00199986
0.00204891
0.0020606
0.00200281
0.0021757
0.00210508
0.00193144
0.00226922
0.00209245
0.00209506
0.00223096
0.00204779
0.00205431
0.00202178
0.00203224
0.00204986
0.00207017
0.00212338
0.00196884
0.00190486
0.00223776
0.00200361
0.002229
0.00203354
0.0019712
0.00194569
0.00203196
0.00215107
0.00210622
0.00226722
0.00206249
0.00194058
0.00216846
0.00216741
0.0020111
0.00189875
0.00192512
0.00201346
0.00215836
0.00214369
0.00201656
0.00200387
0.00229111
0.00185376
0.00203057
0.00208227
0.00223266
0.00233062
0.00199961
0.00201073
0.00216101
0.00228092
0.00208248
0.00315681
0.00224307
0.00195623
0.00209476
0.0020171
0.00311182
0.00194406
0.0026795
0.00198278
0.00231033
0.00202632
0.00198109
0.00211938
0.00182501
0.00193451
0.00266732
0.00204791
0.00247668
0.00220116
0.0024661
0.00219817
0.00220323
0.00199953
0.0024661
0.0022593
0.00215371
0.00226045
0.00210571
0.00232279
0.00214658
0.00207201
0.00209401
0.00207306
0.00224248
0.00196968
0.00192323
0.00207621
0.00228508
0.00206925
0.00228561
0.00235126
0.00193088
0.00231286
0.00204633
0.00210339
0.00226923
0.00202266
0.0023026
0.00241389
0.00196127
0.00235736
0.00228079
0.00202872
0.0027529
0.00207739
0.00222658
0.00220124
0.00225395
0.00227135
0.00197574
0.00240695
0.00196333
0.0019866
0.0022532
0.00214818
0.00207606
0.00194756
0.00209946
0.00229572
0.00210811
0.00229717
0.00329915
0.00242899
0.00202327
0.00198208
0.00215669
0.00199234
0.00193526
0.00202778
0.00208539
0.00198215
0.0019543
0.00193904
0.002157
0.0020659
0.00203956
0.00203956
0.0021687
0.00210667
0.00195241
0.00189202
0.00192559
0.00205722
0.00205539
0.0020977
0.00266769
0.00193617
0.00225686
0.00221714
0.00227141
0.00216729
0.00257464
0.00197341
0.0023043
0.00219775
0.00193177
0.00202955
0.00252497
0.0019645
0.00199466
0.00259619
0.00191931
0.00223998
0.00234411
0.0024404
0.00231107
0.00189566
0.0025726
0.0021203
0.00236428
0.00189036
0.00232758
0.00192094
0.00232801
0.00253729
0.00218903
0.00217999
0.00232483
0.00193634
0.00229778
0.00283591
0.00218734
0.0022678
0.00227275
0.00220612
0.00206858
0.00257455
0.00210554
0.00214412
0.00248559
0.00249399
0.00257116
0.00231003
0.00245492
0.0018981
0.00218476
0.00241289
0.00218052
0.00260616
0.00223411
0.00240216
0.00220685
0.00231525
0.00221813
0.00264614
0.00233753
0.00254599
0.00220904
0.00202038
0.00209786
0.00221573
0.00197581
0.00221456
0.00220081
0.00204833
0.00212298
0.00192917
0.00211289
0.00224417
0.00196147
0.00191473
0.00188403
0.00191816
0.00188403
0.00191816
0.00209168
0.00212035
0.00215742
0.00247094
0.00196054
0.00209168
0.00204263
0.00214716
0.00215107
0.00216986
0.00188425
0.00190353
0.00212078
0.00204665
0.00241575
0.00214115
0.00218144
0.00231015
0.00210212
0.00220721
0.00209129
0.00215175
0.00222112
0.00224952
0.00232352
0.00191547
0.00249808
0.00211362
0.00210695
0.00210128
0.00205854
0.00209767
0.00194203
0.00205854
0.0021897
0.00205669
0.00198979
0.00212774
0.00203193
0.00220862
0.00213538
0.0021227
0.00210777
0.00229861
0.00202043
0.00193761
0.00265847
0.0022161
0.00204717
0.00213546
0.00208815
0.00205281
0.00229242
0.00212936
0.00200776
0.00208398
0.00232766
0.00215694
0.00225053
0.00194999
0.00237891
0.00203685
0.00392545
0.00203041
0.00200257
0.00225176
0.00216275
0.00195117
0.00191999
0.00225176
0.00208445
0.00216327
0.00252171
0.00232955
0.00209037
0.00253872
0.00313645
0.00323789
0.00249821
0.00254999
0.00226504
0.00329646
0.00218593
0.00218593
0.00350206
0.00238239
0.00207452
0.00225112
0.00184817
0.00210015
0.00219453
0.00202052
0.00210609
0.00230696
0.00201026
0.00187857
0.00236899
0.00191451
0.00185423
0.00219451
0.0020722
0.0020689
0.00217962
0.00208254
0.00204093
0.00207416
0.00191669
0.00212243
0.00202929
0.00231743
0.00210568
0.00201903
0.002171
0.00200403
0.00205597
0.00201903
0.00210692
0.00196306
0.00207788
0.00196975
0.00207028
0.00197441
0.00210618
0.00203561
0.00204092
0.00207206
0.00197206
0.00194628
0.00193476
0.00206514
0.00212411
0.00207703
0.0019645
0.00197349
0.00214412
0.00194597
0.0021361
0.00179589
0.00201737
0.00251829
0.00332273
0.00258116
0.00260809
0.00263938
0.00263024
0.00255838
0.00189645
0.00263024
0.00246734
0.00264485
0.00202968
0.00243946
0.00292185
0.00261583
0.00230841
0.00310395
0.00256911
0.00284279
0.0022479
0.00234637
0.00235703
0.00262852
0.0022805
0.00219547
0.00263441
0.00216496
0.00262852
0.0035742
0.0020366
0.00217662
0.00216443
0.0022207
0.00199972
0.00191945
0.00216125
0.00222381
0.00203837
0.00207745
0.00215037
0.00205788
0.00192589
0.00198817
0.00193056
0.00204489
0.0021722
0.00203944
0.0021579
0.00206994
0.00206799
0.00199517
0.00236049
0.00190056
0.00207161
0.0019939
0.0019654
0.00199071
0.00199424
0.00199814
0.00281917
0.00201062
0.00217225
0.00207582
0.00204472
0.00218731
0.00193742
0.0020167
0.00184308
0.00190801
0.00212055
0.00209569
0.00207614
0.002094
0.001962
0.00200753
0.00197639
0.00181392
0.00205975
0.00184908
0.00199997
0.00197683
0.0019935
0.00191434
0.00189577
0.00209131
0.00200169
0.00227806
0.00196267
0.00198047
0.00202139
0.00200309
0.00224353
0.00220472
0.00223492
0.00220472
0.00214122
0.00223142
0.002227
0.00194877
0.00249105
0.00429796
0.00248259
0.00245139
0.00201433
0.00227124
0.00247072
0.00248259
0.00227436
0.00385519
0.0019792
0.00227959
0.00240304
0.00207398
0.00189948
0.00197383
0.00197551
0.00238279
0.00224473
0.0021705
0.00193941
0.00229066
0.00242513
0.00198385
0.00256685
0.00489682
0.00222879
0.00188618
0.00200534
0.00192241
0.00189515
0.00195835
0.00195835
0.00187439
0.00192085
0.00198778
0.00194122
0.00203718
0.00216959
0.00213
0.00208272
0.0021553
0.00429858
0.00203852
0.00253899
0.00201761
0.00220047
0.00217708
0.00233305
0.00221029
0.00298388
0.00217566
0.0022085
0.00261649
0.00220353
0.00197487
0.00239682
0.00241077
0.00219301
0.00213919
0.00208322
0.00195684
0.0021635
0.00190471
0.00197941
0.00272641
0.00251246
0.00225098
0.00210404
0.00287992
0.00378775
0.00217708
0.00233305
0.00238691
0.0024209
0.00198842
0.00206656
0.00190657
0.001935
0.00263495
0.00547744
0.00230374
0.0022094
0.00192885
0.00209945
0.00215433
0.00205664
0.00218817
0.00212922
0.00194507
0.00225183
0.00228452
0.00209336
0.00215004
0.0022094
0.0020389
0.002239
0.00220145
0.00193983
0.00192862
0.00204131
0.00228458
0.00204818
0.00192211
0.00205628
0.00197218
0.00194875
0.00196531
0.00197714
0.00224564
0.00205553
0.00180615
0.00199196
0.00193824
0.00197072
0.00207113
0.00209987
0.00203818
0.00178278
0.00211012
0.00190217
0.00190538
0.00194096
0.00215101
0.00204652
0.00210843
0.00228463
0.00200312
0.00198764
0.00175123
0.00231986
0.00199434
0.00211912
0.00571094
0.00259376
0.00376811
0.00236808
0.00235905
0.00217037
0.00188866
0.00235358
0.00190401
0.00206704
0.00213492
0.00233518
0.00191781
0.0019973
0.00188657
0.00193778
0.00249738
0.00224766
0.00212109
0.00228734
0.0020383
0.00421705
0.00265451
0.00213294
0.00215575
0.00195283
0.00215531
0.00215531
0.001928
0.00265451
0.00218452
0.00238149
0.00233784
0.0020947
0.00219536
0.00236485
0.0022239
0.00214387
0.00208316
0.00205556
0.00229084
0.00216895
0.00213396
0.00199315
0.0020947
0.00205805
0.00202836
0.00205728
0.00193048
0.00192746
0.0020102
0.00201554
0.00203237
0.0021254
0.00211085
0.00201406
0.00204239
0.00200301
0.00202932
0.00217913
0.00211502
0.00208323
0.00206233
0.00216594
0.00495166
0.00220599
0.00192546
0.00194524
0.00214276
0.00201232
0.00198829
0.00202075
0.00210621
0.002058
0.00195276
0.00192756
0.00185499
0.00200657
0.00205166
0.00200578
0.0019046
0.00205456
0.00187782
0.00190226
0.00185081
0.0019672
0.00208693
0.0018725
0.00188963
0.00215825
0.00190351
0.00190144
0.00189955
0.00270264
0.00269163
0.00253803
0.00251441
0.00263835
0.00256269
0.00256269
0.00207631
0.00266804
0.00296274
0.00241517
0.00265513
0.00256793
0.00269949
0.00274976
0.00230702
0.00266155
0.00256269
0.00270264
0.00271333
0.00271959
0.0025627
0.00261081
0.00265955
0.00274976
0.0025143
0.00244501
0.00252967
0.00261081
0.00268041
0.00276241
0.00192464
0.00229028
0.00500174
0.00276241
0.0034213
0.0022578
0.00232694
0.00227074
0.00232694
0.00216955
0.00228031
0.00235817
0.00220524
0.00237809
0.0022154
0.00246964
0.0021848
0.0023291
0.00228
0.00222076
0.00226142
0.0022154
0.0022693
0.00228
0.00222076
0.00219947
0.00216955
0.00216955
0.00228
0.00347382
0.00235783
0.00347382
0.00211253
0.00309343
0.00235493
0.00229016
0.00194557
0.00224381
0.0020614
0.00201839
0.00286081
0.00196374
0.00205465
0.00200853
0.00239884
0.00193612
0.00239049
0.00205397
0.00211523
0.00215565
0.00191705
0.00213955
0.00219271
0.0019766
0.00199076
0.00233615
0.00191361
0.00207935
0.00206104
0.00209102
0.00193727
0.00220462
0.00253224
0.00205235
0.00212949
0.00211921
0.00193206
0.0019547
0.00201296
0.00195421
0.00215434
0.00194256
0.00196542
0.00232275
0.00203821
0.0020041
0.00260367
0.00205192
0.00207031
0.00202789
0.00209135
0.00209116
0.00209135
0.00209135
0.00209135
0.00209149
0.00209135
0.00216517
0.00209135
0.00232275
0.00203821
0.0020041
0.00260367
0.00205192
0.00207031
0.00202789
0.00209135
0.00209116
0.00209135
0.00209135
0.00209135
0.0021777
0.00194912
0.00195305
0.00204969
0.00195315
0.00218429
0.00214459
0.00212588
0.00197816
0.002145
0.00383625
0.00238534
0.001984
0.0021491
0.00207789
0.00199033
0.00199836
0.00222647
0.00238535
0.00202142
0.00210814
0.00235958
0.00199619
0.00213733
0.002064
0.00238534
0.0020624
0.00227398
0.0019547
0.00238534
0.00208405
0.00218027
0.00214768
0.00200256
0.002125
0.00216466
0.0019404
0.00213244
0.0023387
0.00208253
0.00193746
0.00188815
0.00206583
0.00209432
0.00210238
0.00194548
0.00204763
0.0023387
0.00223604
0.00206642
0.00201273
0.00229908
0.002171
0.0018353
0.00184886
0.00194201
0.00209736
0.00210763
0.00179515
0.0021642
0.00200507
0.00252613
0.00222057
0.00183661
0.00213762
0.00222089
0.00232337
0.00222936
0.00209114
0.00221181
0.00202103
0.00204057
0.00208796
0.00216504
0.00209894
0.00216504
0.00194934
0.00213737
0.00211828
0.00208621
0.00214943
0.00213149
0.0020107
0.00195792
0.00215871
0.00211665
0.00221181
0.00213737
0.00228437
0.00215645
0.0020003
0.00197337
0.00208621
0.00216487
0.00214943
0.00216504
0.00248882
0.0020142
0.00218706
0.00202429
0.00201126
0.00232475
0.00203603
0.00212081
0.00212524
0.00209443
0.00286393
0.00475974
0.00195852
0.00229931
0.00203092
0.00221055
0.00201036
0.00346071
0.00185751
0.0020337
0.00314866
0.002055
0.00388639
0.00180857
0.00214658
0.00391211
0.00195541
0.00194571
0.00190157
0.00194571
0.00180084
0.00195563
0.00193585
0.00195563
0.00189397
0.00197874
0.00198235
0.00186848
0.00190446
0.00204422
0.0021279
0.00196491
0.002316
0.00208803
0.00210195
0.00221889
0.00199608
0.00218775
0.00199689
0.00203929
0.00202056
0.00211825
0.0022903
0.00193979
0.00210711
0.002294
0.002128
0.00234503
0.00214149
0.00185088
0.00192307
