0.00225221
0.00211511
0.00236204
0.00200414
0.00448596
0.00288123
0.00197081
0.00188517
0.00258949
0.00186826
0.00202696
0.00192734
0.00192758
0.00186879
0.001737
0.00168102
0.00168643
0.0018841
0.00185546
0.00169467
0.00178128
0.00192305
0.00177071
0.00185546
0.00185773
0.00169467
0.00182322
0.00175642
0.00173647
0.00179256
0.0017099
0.00180169
0.00171237
0.00185561
0.00172535
0.00180014
0.00205204
0.00180435
0.00176733
0.00172394
0.00227452
0.00226623
0.00166205
0.00182426
0.00185873
0.00180826
0.00214916
0.00184663
0.00302207
0.00191508
0.00176351
0.00191065
0.00201086
0.00176755
0.00166966
0.00179936
0.00192034
0.00214007
0.00194328
0.00195333
0.00178939
0.00183146
0.00169586
0.00181426
0.0017297
0.00225971
0.00198966
0.00194147
0.00190229
0.00191882
0.00192881
0.00207357
0.00336767
0.00202966
0.00227566
0.00195496
0.00184629
0.00394903
0.00167454
0.00291424
0.0016502
0.00225017
0.00181555
0.0017815
0.001874
0.00184395
0.00164582
0.00317564
0.00172899
0.00279776
0.00207911
0.00227187
0.00200759
0.00189851
0.00193385
0.00227187
0.00179773
0.00179773
0.00195616
0.00201474
0.00204345
0.00210662
0.00201695
0.00203532
0.00205455
0.00203024
0.00191969
0.00188831
0.00176946
0.00231687
0.0018267
0.00196465
0.00226246
0.00170305
0.00215727
0.00182964
0.00192869
0.00241428
0.00186831
0.00241804
0.00197889
0.00170905
0.00218332
0.00190216
0.00200474
0.00320737
0.00173117
0.00209219
0.00202437
0.00211246
0.00242954
0.00177269
0.00211122
0.00170391
0.00184259
0.0017604
0.00185076
0.00175653
0.00182687
0.00178802
0.00203544
0.00190518
0.00209846
0.00328767
0.00214746
0.00202119
0.0019169
0.00222701
0.00199696
0.00207387
0.00215184
0.00208255
0.00207401
0.00209674
0.00178466
0.00202825
0.00206679
0.00210311
0.00204288
0.00213261
0.00207036
0.001824
0.00180077
0.00205333
0.00211926
0.00204185
0.0020298
0.00223691
0.00185667
0.00212233
0.00205767
0.00210337
0.00202153
0.00223709
0.00191123
0.00207746
0.00190474
0.00187113
0.00182723
0.00264819
0.00178351
0.00189933
0.00306914
0.00176699
0.00217187
0.00227199
0.00230092
0.00203352
0.00185102
0.00212201
0.00184783
0.00322126
0.00184965
0.00203197
0.00182404
0.00227257
0.00258035
0.00209388
0.00234403
0.00199215
0.00176856
0.0021034
0.00351414
0.00211334
0.0020554
0.00191044
0.00205721
0.00191098
0.00197724
0.0019352
0.00198694
0.00217011
0.00212451
0.00210043
0.00210242
0.00230189
0.00184034
0.0021385
0.00214822
0.00205476
0.00233531
0.00206662
0.00208626
0.00213132
0.0022482
0.00226767
0.00207458
0.00219598
0.00232079
0.00205979
0.00177259
0.00194205
0.00201116
0.00191462
0.00193305
0.00238723
0.00214135
0.00193385
0.00167601
0.00199429
0.00209025
0.0018681
0.00168108
0.00179273
0.00172597
0.00179273
0.00172597
0.00199429
0.00201694
0.00201943
0.00265574
0.00179933
0.00199429
0.00188899
0.00183326
0.0023584
0.0021165
0.00172649
0.00176275
0.00186125
0.00197009
0.0020653
0.00187747
0.00199906
0.0023478
0.00180224
0.00206478
0.0017856
0.00194513
0.00208766
0.00206463
0.00196255
0.00193305
0.00190843
0.00192985
0.00191943
0.00200176
0.00184808
0.00179369
0.00183234
0.00184808
0.0018044
0.00170398
0.00176078
0.00182257
0.00175889
0.00191699
0.0018077
0.00177689
0.00182601
0.00188466
0.00177016
0.00173087
0.0020717
0.00181539
0.00188258
0.00183151
0.0018145
0.00184228
0.00195578
0.00189242
0.00180658
0.00172255
0.00198617
0.00174215
0.00180368
0.00182467
0.00233908
0.00201872
0.00489609
0.00180218
0.00172469
0.00206408
0.00203615
0.00168734
0.00187067
0.00206408
0.00194409
0.00216115
0.0022524
0.00214304
0.00176111
0.00249737
0.0031241
0.0033297
0.00235745
0.00235851
0.0020056
0.00305361
0.00184306
0.00184306
0.00312064
0.00186001
0.00191462
0.00188782
0.0017018
0.00179145
0.00188524
0.00189968
0.00188119
0.0022272
0.00188092
0.00175351
0.00193381
0.00175967
0.0018008
0.00227264
0.00187428
0.00196701
0.00186549
0.00185449
0.00223718
0.00191885
0.00182324
0.00199277
0.00195598
0.00193826
0.00189976
0.00182434
0.00192661
0.00182434
0.00193732
0.00182434
0.00186661
0.00180104
0.00197715
0.00182823
0.00202264
0.00183961
0.00192518
0.00209219
0.00181154
0.00215536
0.00170612
0.00177705
0.00186976
0.00187549
0.001933
0.00178494
0.00189522
0.00181579
0.0020936
0.00187078
0.001933
0.00182075
0.00203868
0.0030346
0.00351813
0.00239028
0.00245934
0.00282692
0.00276928
0.00270571
0.00181574
0.00276928
0.0025243
0.00281537
0.001818
0.00277486
0.00267713
0.00226957
0.00190049
0.00346645
0.00264505
0.00416079
0.00241463
0.00245041
0.00264955
0.00265781
0.00223532
0.0019574
0.00268057
0.00201353
0.00282975
0.00309301
0.0018797
0.001987
0.00228147
0.00192519
0.0018976
0.00174981
0.00186634
0.00218021
0.00181391
0.0018916
0.00193111
0.0017583
0.00174877
0.00199012
0.00166613
0.00238918
0.00202262
0.00182024
0.00231006
0.00213825
0.002025
0.00173186
0.00299
0.00176807
0.00178757
0.00180474
0.0017285
0.0017695
0.00183198
0.00191752
0.00262813
0.00194103
0.00179955
0.00187331
0.00182636
0.00204188
0.0016805
0.00184183
0.00173883
0.00176317
0.00184252
0.00184903
0.00163994
0.00198313
0.00177091
0.00188731
0.00180626
0.00170429
0.00190269
0.00165868
0.0018749
0.00172324
0.00173654
0.00171777
0.00170362
0.00170527
0.00179859
0.00176542
0.00158839
0.00176457
0.00176553
0.00181472
0.00216748
0.0019882
0.00208734
0.0019882
0.00186519
0.00191674
0.0020724
0.00183233
0.00251309
0.00395725
0.00237035
0.00219943
0.00186611
0.00210077
0.00251128
0.00237035
0.00203828
0.00437424
0.00188455
0.00222506
0.0023874
0.00187673
0.00184778
0.00178786
0.00197878
0.00237301
0.00200892
0.00195965
0.00175318
0.00195661
0.00219669
0.00179572
0.00233315
0.0043879
0.00197149
0.00167143
0.00175441
0.00168638
0.00156787
0.00171146
0.00171146
0.00174795
0.00189185
0.00167685
0.00167615
0.00171066
0.0019918
0.00189242
0.00199545
0.00206024
0.00388365
0.00181527
0.00274182
0.0019768
0.00199551
0.00185966
0.00208449
0.00185402
0.0027721
0.002093
0.00245253
0.0019428
0.0021325
0.00179991
0.00193461
0.00235101
0.00202872
0.00215077
0.00183331
0.00181176
0.0018976
0.00179098
0.00189298
0.00213076
0.00207308
0.00221082
0.00206945
0.00238961
0.00391773
0.00185966
0.00208449
0.00219326
0.00236949
0.00179744
0.00189219
0.00178106
0.00176037
0.00317149
0.00758493
0.00217348
0.00227148
0.00174831
0.00231161
0.00203543
0.00181182
0.00178248
0.00214156
0.00173115
0.00221213
0.00234928
0.00203165
0.00206752
0.00227148
0.00178666
0.00187708
0.00207721
0.0018243
0.00181124
0.00182007
0.00239779
0.00224795
0.00184968
0.00202458
0.00223028
0.00187506
0.00174809
0.00182033
0.0017617
0.00178333
0.00171974
0.00184831
0.00188757
0.00176522
0.00184468
0.00207132
0.00197726
0.0016939
0.00220961
0.00192755
0.00176698
0.00177205
0.00205573
0.00190593
0.00207927
0.00234987
0.00220632
0.00198652
0.00176606
0.00246427
0.0018634
0.00230373
0.00722345
0.00248092
0.00364191
0.00231104
0.00210738
0.00191257
0.00179736
0.00244834
0.00170001
0.00168435
0.00191343
0.00220784
0.00177127
0.00185895
0.0017554
0.00175736
0.00210497
0.0019711
0.00203589
0.00194378
0.00189664
0.00405842
0.00294577
0.00204744
0.00172761
0.00162588
0.00173169
0.00173169
0.0016318
0.00294577
0.00207403
0.00229249
0.00197307
0.002033
0.00206884
0.0022652
0.00235052
0.00209546
0.00194715
0.00207143
0.00221846
0.00199524
0.00190441
0.00170204
0.00208073
0.00199271
0.00195682
0.00179978
0.00168595
0.00182554
0.00168117
0.0017714
0.00182126
0.00194688
0.00191638
0.00190431
0.00192657
0.00182005
0.00176136
0.00180967
0.00194688
0.00190431
0.00191157
0.00191157
0.0063518
0.00199143
0.00177796
0.00186069
0.00175755
0.00214025
0.00175616
0.00186451
0.00192336
0.00176149
0.00172999
0.00177213
0.00180965
0.00182339
0.00199899
0.00206351
0.0018856
0.00196118
0.00174891
0.00171662
0.00174652
0.00180469
0.00196368
0.00173787
0.00173971
0.00245543
0.0017882
0.00177345
0.0016895
0.00278038
0.00243044
0.00226644
0.0023734
0.00223271
0.00276791
0.00258074
0.00170206
0.00263174
0.00288574
0.00237822
0.00225559
0.00245027
0.00268834
0.00278215
0.00214768
0.00251461
0.00276791
0.00278038
0.00216705
0.00230705
0.0025962
0.00252727
0.00268725
0.00268834
0.00238211
0.00214746
0.00223498
0.00252727
0.00256338
0.00285679
0.00184799
0.00211201
0.00446415
0.00285679
0.00350289
0.00210606
0.00212815
0.00202891
0.00212815
0.00205896
0.0021861
0.00214299
0.00220696
0.00215427
0.002141
0.00220199
0.00217303
0.00210661
0.00223268
0.0019833
0.00217089
0.00222161
0.00210661
0.00223268
0.0019833
0.00198914
0.00205896
0.00206141
0.00223268
0.0034425
0.00206414
0.0034425
0.00221421
0.00337831
0.00218624
0.00213435
0.00180662
0.00206134
0.00183822
0.00170604
0.00297034
0.00188778
0.00192479
0.00174447
0.00264091
0.0017333
0.00201728
0.00176121
0.00214294
0.00213341
0.00170965
0.00175318
0.00180557
0.00176726
0.00171138
0.00192599
0.0016874
0.00180802
0.00178207
0.0019812
0.0017073
0.0018141
0.00305199
0.00180156
0.00210393
0.00179383
0.00175631
0.0016984
0.00271041
0.00171137
0.00206675
0.00167448
0.00187307
0.00225707
0.00192243
0.00186011
0.00302057
0.00204462
0.00241432
0.00196982
0.00212243
0.0020672
0.00212243
0.00212243
0.00212243
0.00212243
0.00212243
0.00215229
0.00212243
0.00225707
0.00192243
0.00186011
0.00302057
0.00204462
0.00241432
0.00196982
0.00212243
0.0020672
0.00212243
0.00212243
0.00212243
0.00218114
0.0017086
0.00169406
0.00168537
0.00171734
0.00173689
0.00184672
0.00193185
0.00171247
0.00205177
0.00389871
0.00246436
0.00188328
0.00200028
0.00188215
0.00175034
0.00177528
0.00202532
0.00246437
0.00182494
0.00183023
0.00190878
0.00171498
0.00192915
0.00196752
0.00246436
0.00187787
0.00225978
0.00185612
0.00246436
0.00185765
0.00186404
0.00197818
0.00180448
0.00183765
0.00204039
0.00175357
0.00186832
0.00203863
0.00166051
0.00170907
0.00164377
0.00184897
0.00176589
0.00174994
0.00177048
0.00199206
0.00203863
0.001885
0.00192493
0.00190615
0.00233333
0.00205337
0.00172609
0.00161142
0.00179282
0.00191481
0.00202146
0.00166796
0.00193014
0.00216694
0.00225342
0.00200868
0.00181629
0.00178377
0.00193899
0.0022302
0.00205823
0.00190695
0.00210289
0.00184012
0.00173582
0.00193508
0.0020052
0.0018842
0.00204013
0.00174766
0.00191425
0.00199173
0.00190746
0.0020608
0.0018819
0.00175515
0.00170192
0.00179719
0.0018154
0.00210289
0.00191425
0.00187373
0.00194091
0.0017957
0.00192922
0.00190746
0.00197851
0.0020608
0.0020052
0.00243269
0.00194478
0.00269457
0.0019608
0.00185051
0.00212392
0.00185736
0.00213791
0.00182754
0.00207243
0.00271402
0.00627494
0.00171337
0.00198354
0.00174082
0.00202589
0.00196922
0.00365515
0.00167026
0.00164093
0.00338242
0.00191164
0.00635724
0.00171303
0.00191339
0.00690696
0.00171478
0.00183811
0.0017215
0.00179957
0.00160181
0.00177405
0.0017257
0.0017549
0.00164361
0.00172196
0.00184531
0.00164518
0.0016958
0.00184288
0.0019733
0.00193779
0.00220282
0.00196168
0.00186004
0.00205254
0.00196826
0.00212416
0.00189364
0.00194574
0.00174225
0.00197601
0.00218238
0.00176699
0.00181517
0.00254665
0.0020378
0.00189222
0.00194368
0.00178372
0.00178259
