0.00285393
0.00267025
0.00310274
0.00250082
0.00541655
0.00355323
0.00273116
0.00237505
0.00347513
0.00237796
0.0026342
0.00252158
0.0024603
0.00238979
0.00234339
0.00220306
0.00219086
0.00249332
0.00232836
0.00218228
0.00227992
0.00279825
0.0022894
0.00232836
0.00235191
0.00214664
0.00228598
0.00220446
0.00216969
0.00232055
0.00212725
0.00226743
0.00216159
0.00234231
0.00217595
0.00235786
0.00255005
0.0023293
0.00221946
0.00235813
0.00273162
0.00300559
0.00215533
0.00230917
0.00227244
0.00235964
0.00271069
0.00232159
0.00378576
0.00256661
0.00229266
0.00259696
0.00277747
0.00242304
0.00216983
0.00231832
0.00244725
0.00269101
0.00251891
0.00247348
0.00235836
0.00255059
0.00214582
0.00235412
0.00221564
0.00294277
0.00247943
0.00245867
0.00278477
0.00247963
0.0024778
0.00266128
0.00397115
0.00255413
0.00273973
0.00233253
0.00234134
0.00489947
0.0024051
0.00440307
0.00229746
0.00287757
0.00235875
0.00224001
0.00239197
0.00236053
0.00206087
0.00395118
0.00217955
0.00381585
0.00275007
0.00280234
0.00300905
0.00242376
0.00240311
0.00280234
0.00229189
0.00221518
0.00250787
0.00257181
0.00261054
0.00267194
0.00255456
0.00237269
0.00260444
0.00265554
0.00245438
0.00238337
0.0022155
0.00301644
0.00248275
0.00257338
0.00290538
0.0021457
0.00281654
0.00242936
0.00251244
0.00346682
0.00243975
0.0030748
0.00266646
0.0022708
0.00279269
0.00245386
0.00278627
0.00378542
0.00221616
0.00264169
0.00255747
0.00268411
0.00298372
0.00222925
0.0027386
0.00209445
0.00231205
0.00235186
0.00242732
0.00224421
0.00252129
0.00221751
0.00264528
0.0023755
0.00261687
0.00406429
0.00256933
0.00252016
0.0024162
0.00278822
0.00256256
0.00252772
0.00270496
0.00254148
0.00256163
0.00254861
0.00233171
0.0024618
0.00250209
0.00257189
0.00251431
0.00259469
0.00252909
0.00244768
0.00234001
0.00248547
0.00237982
0.00252044
0.00250373
0.00294291
0.00228727
0.00332788
0.00246025
0.0026627
0.00276998
0.00304368
0.00248369
0.00267281
0.00240978
0.00247719
0.0022438
0.00402371
0.00232102
0.00241587
0.00376536
0.00217734
0.00259416
0.00285761
0.00285097
0.00256515
0.0023278
0.00288571
0.00240435
0.00529758
0.00282603
0.00251662
0.00230053
0.00293901
0.00328422
0.00256979
0.00304169
0.00274807
0.00227203
0.00271875
0.00454783
0.00265196
0.00270119
0.00245265
0.00262301
0.00241958
0.00263834
0.00246271
0.00248386
0.00275722
0.00272269
0.00260955
0.00262987
0.00306826
0.00232846
0.0026152
0.00270188
0.00266538
0.00318465
0.00264288
0.00272618
0.00283859
0.00282508
0.00276465
0.00277021
0.0028621
0.00318686
0.00244102
0.00232409
0.00253218
0.00256552
0.00246733
0.00266929
0.00300052
0.00267907
0.00241742
0.00219145
0.00250419
0.00273873
0.0024546
0.00208244
0.00231236
0.00217642
0.00231236
0.00217642
0.00250419
0.00271824
0.00256182
0.00339593
0.00247842
0.00250419
0.00243316
0.00236427
0.00278343
0.00269142
0.0021815
0.00228856
0.00233112
0.00279222
0.00258625
0.00239886
0.00246401
0.00293278
0.00215419
0.00266474
0.00223833
0.00255525
0.00265385
0.0027234
0.00240103
0.00254934
0.00259485
0.00245606
0.0025812
0.00267294
0.00236837
0.00248131
0.00228523
0.00236837
0.00248635
0.00211506
0.00226689
0.00232082
0.0022045
0.0025411
0.00232372
0.00233703
0.00236893
0.00244293
0.00222397
0.00220689
0.00275328
0.00226578
0.00262414
0.00243433
0.00236347
0.00240781
0.00260546
0.00240958
0.00225813
0.00213277
0.0027236
0.00235943
0.00246947
0.00236623
0.00266528
0.00258985
0.00674662
0.00232751
0.00218453
0.00286066
0.00255735
0.00215865
0.00247897
0.00286066
0.00251079
0.00277827
0.00287752
0.00271285
0.00217852
0.00326501
0.00390379
0.0041919
0.00300335
0.00289698
0.00252017
0.00404881
0.00235002
0.00235002
0.00384396
0.00239302
0.00231349
0.00256502
0.00217364
0.00228676
0.00235937
0.0024336
0.0025941
0.00277762
0.00235678
0.002314
0.00253274
0.00219339
0.0022154
0.00292887
0.00234353
0.00246464
0.00233305
0.00233679
0.00252048
0.00240305
0.00221177
0.00239621
0.00246512
0.0024668
0.00239701
0.00235298
0.0024668
0.00235297
0.00243624
0.00235297
0.00237875
0.00227681
0.00237214
0.00220836
0.00243344
0.00222166
0.00236799
0.00240535
0.00227167
0.00252076
0.00225031
0.00214733
0.00229969
0.00239328
0.00236286
0.00224202
0.00232067
0.00229509
0.00242257
0.00248636
0.00229241
0.0022219
0.00245158
0.00350223
0.00454294
0.00302407
0.0031591
0.00358411
0.00351952
0.00358979
0.00230967
0.00351952
0.00339537
0.00356849
0.00227535
0.00394143
0.00344217
0.00308289
0.00236736
0.00435957
0.00337262
0.00458093
0.00362275
0.00302823
0.00337645
0.00335288
0.00277939
0.00250672
0.00363121
0.00249777
0.00358803
0.00405205
0.00247491
0.00261751
0.00313919
0.00237669
0.00240999
0.00216201
0.00236598
0.00269216
0.00228613
0.00232834
0.00267177
0.00219123
0.00218301
0.00247697
0.00219121
0.00307389
0.00251209
0.00232949
0.00330895
0.00252413
0.00246814
0.00218963
0.00357316
0.00224022
0.00228068
0.00224971
0.00218262
0.00222461
0.00229755
0.00246971
0.00346759
0.00248642
0.00222613
0.00236957
0.00232182
0.00260883
0.0021518
0.00234799
0.00222635
0.00220552
0.00230899
0.00249822
0.00220739
0.00252152
0.00227817
0.00241769
0.00234218
0.00214037
0.00245148
0.00212127
0.0024296
0.00217959
0.0021964
0.0021938
0.00219963
0.00225978
0.00230063
0.00225893
0.00226631
0.00234998
0.00223646
0.0022866
0.00282265
0.00256616
0.00268027
0.00256616
0.00220284
0.00247369
0.0026376
0.00225176
0.00323287
0.00452658
0.00295084
0.00338632
0.00248842
0.00279668
0.00348623
0.00295084
0.00266132
0.00528836
0.00230106
0.00307613
0.00295461
0.00247685
0.00227557
0.00223018
0.00259956
0.00284473
0.00241201
0.0029076
0.002389
0.00248434
0.00272096
0.00228656
0.00313591
0.00513218
0.00247005
0.00225514
0.00232783
0.00236047
0.00205503
0.00224994
0.00225957
0.00238451
0.00257689
0.00219874
0.00226772
0.00229247
0.00244612
0.00233793
0.00240364
0.00240404
0.00495917
0.00227065
0.00358823
0.002479
0.00250385
0.00236127
0.00297866
0.00238648
0.003484
0.00269087
0.00339672
0.00246515
0.00264221
0.00234912
0.00259424
0.00382758
0.00242423
0.00267057
0.00230597
0.00235864
0.00277384
0.00219898
0.00235572
0.0028093
0.00278524
0.00272521
0.00280914
0.00296705
0.00584912
0.00236127
0.00297866
0.0028098
0.00289128
0.00227874
0.00240058
0.00231026
0.00228902
0.00421327
0.00890044
0.00272007
0.00284048
0.00233137
0.00315213
0.00254194
0.0022858
0.00225137
0.00267052
0.00216984
0.00301722
0.00292842
0.00278429
0.00260089
0.00284048
0.00230215
0.00244335
0.00259495
0.00222888
0.00229253
0.00234033
0.00299209
0.00292512
0.00231986
0.00243656
0.00281864
0.00239896
0.00229518
0.00228294
0.00254476
0.00220329
0.00211505
0.00230955
0.00225181
0.00222443
0.00245153
0.00269571
0.00264387
0.00215049
0.00272291
0.00253044
0.00217618
0.00230264
0.00301815
0.00250588
0.00253966
0.00301663
0.00282581
0.00257083
0.00222122
0.00323937
0.0023321
0.0028554
0.00756154
0.00296384
0.00485644
0.00275708
0.00259518
0.00271832
0.00230092
0.00313358
0.00211154
0.00224207
0.00242762
0.00285854
0.00219678
0.00239011
0.00217964
0.00224164
0.00266583
0.00250743
0.00256608
0.00265709
0.0029369
0.00476377
0.00369897
0.00251166
0.0025122
0.00207676
0.00248826
0.00248826
0.00209666
0.00369897
0.00259026
0.00295886
0.0026097
0.00257382
0.00270261
0.00292531
0.00293898
0.00263533
0.00245758
0.00262854
0.00279735
0.00257405
0.00243802
0.00210375
0.00253939
0.00253373
0.00255727
0.00230607
0.00214232
0.00239974
0.00215216
0.00223521
0.00232298
0.00246598
0.00237607
0.00240992
0.00243662
0.00230349
0.00222669
0.00232058
0.00253143
0.00246849
0.00241246
0.00241246
0.00754921
0.00252799
0.00220933
0.002273
0.00222089
0.00268294
0.00234962
0.00234581
0.00245439
0.00227786
0.00214459
0.00224418
0.00230277
0.00230566
0.00268948
0.0025784
0.00232683
0.00244845
0.00216807
0.00216678
0.00228463
0.00228846
0.00239213
0.00212745
0.00217976
0.00315474
0.00223696
0.00221673
0.00211272
0.00353347
0.00297979
0.00288968
0.00300354
0.0029398
0.00351203
0.00326742
0.00229401
0.00338355
0.00370181
0.00286903
0.00288826
0.00310985
0.00338775
0.00354739
0.00273352
0.0031853
0.00326742
0.00353347
0.00274405
0.00287402
0.00337855
0.00310464
0.00319794
0.00338775
0.0030211
0.00275756
0.00294798
0.00310464
0.00296856
0.00397014
0.00237656
0.00264295
0.0051457
0.00397014
0.00397757
0.00282886
0.00266974
0.00250998
0.00269813
0.00258411
0.00287751
0.00285059
0.00277405
0.00268119
0.00259444
0.00292659
0.00275392
0.00262245
0.00278257
0.00268823
0.00271874
0.00281545
0.00262245
0.00278257
0.00249132
0.00249081
0.00252467
0.00260054
0.00278257
0.0043321
0.00265911
0.0043321
0.00271477
0.00420961
0.00283338
0.00282384
0.00226555
0.0026192
0.00233345
0.00220324
0.00391136
0.00240538
0.00251229
0.00227472
0.00402784
0.00228248
0.00260701
0.00226329
0.00275083
0.00252465
0.00219057
0.00237367
0.00225832
0.00228441
0.00226938
0.00271047
0.00218013
0.00242356
0.00234467
0.00259716
0.00226948
0.00230796
0.00390193
0.00230666
0.00259551
0.00222271
0.00225339
0.00215853
0.00332829
0.00217319
0.00259162
0.00212737
0.00243651
0.00325847
0.00278269
0.00244934
0.00350855
0.00261847
0.00322456
0.00249388
0.00266132
0.00258878
0.00266132
0.00266132
0.00266132
0.00266132
0.00266132
0.00269071
0.00266132
0.00325847
0.00278269
0.00244934
0.00350855
0.00261847
0.00322456
0.00249388
0.00266132
0.00258878
0.00266132
0.00266132
0.00266132
0.00295678
0.00211148
0.00218643
0.00221459
0.00212251
0.00223445
0.00232891
0.00242079
0.00217115
0.00264568
0.00412621
0.00307068
0.00233291
0.00250093
0.00229298
0.00225279
0.00225532
0.00249768
0.00307069
0.00228041
0.00227594
0.00240233
0.00219297
0.00251715
0.00244387
0.00307068
0.00233178
0.00281191
0.00237758
0.00307068
0.00239684
0.0022773
0.00249302
0.00230828
0.00242695
0.00254709
0.00231036
0.00229026
0.00240066
0.00241435
0.00226813
0.00208927
0.00234494
0.00230736
0.00220646
0.00241806
0.0025282
0.00240066
0.00259494
0.00246795
0.00249993
0.00292435
0.00258122
0.00213816
0.00210684
0.00230035
0.00247365
0.00272704
0.0020923
0.00246409
0.00306986
0.00275869
0.00254701
0.00231449
0.00229272
0.00260073
0.00276853
0.00257408
0.00241407
0.0026022
0.00227509
0.00217404
0.00242382
0.00251298
0.00234628
0.00251298
0.00221044
0.00242178
0.00253571
0.00240287
0.00260447
0.00249849
0.00218164
0.00223406
0.00224713
0.00223886
0.0026022
0.00242178
0.00235777
0.00243793
0.00226053
0.00243318
0.00240287
0.00248428
0.00260447
0.00251298
0.00299978
0.00235008
0.00281372
0.00245684
0.00236565
0.00290136
0.00246184
0.00256856
0.00247389
0.00258935
0.00396892
0.00728083
0.00213412
0.00251346
0.00216466
0.00245102
0.00252982
0.00468214
0.00213205
0.00207335
0.00410719
0.00253982
0.00738026
0.00238291
0.00260736
0.00737776
0.00230835
0.00230528
0.00221414
0.00232057
0.00201477
0.00221455
0.00211943
0.0021858
0.00209611
0.00228501
0.00232182
0.00208014
0.0021194
0.00232914
0.00251062
0.00254704
0.00280181
0.00270388
0.00238813
0.0026868
0.00276365
0.00280632
0.00248258
0.00268345
0.00241759
0.00245515
0.00292422
0.00220921
0.00246064
0.00381424
0.00256247
0.00251748
0.0025093
0.00223132
0.0022525
