0.00441365
0.00410251
0.00481367
0.0039619
0.00573219
0.00446831
0.00386629
0.00367516
0.00496822
0.0036642
0.00426201
0.00380391
0.00394686
0.00394049
0.00389786
0.00367
0.00368127
0.00418926
0.00403483
0.00382098
0.00396089
0.00391613
0.00392681
0.00403742
0.00389658
0.00370334
0.00410356
0.0039039
0.0040152
0.00437388
0.00371355
0.00380193
0.003811
0.00384453
0.0039968
0.00379745
0.00393061
0.00368691
0.00350203
0.00423593
0.00363591
0.00370594
0.0036563
0.00366115
0.00349826
0.00383617
0.00408734
0.00366026
0.00405845
0.00364988
0.00362408
0.00384003
0.00387599
0.00384033
0.0035675
0.00343262
0.00384449
0.00429032
0.00393004
0.00378207
0.00371415
0.00407469
0.00335275
0.00367829
0.00387996
0.00403739
0.00443267
0.00366885
0.00379682
0.00403901
0.00430201
0.00392588
0.00513677
0.00404996
0.00354642
0.00387467
0.00378446
0.00523002
0.0035198
0.00484105
0.00362359
0.00433355
0.00380577
0.00364335
0.00390642
0.00349872
0.00360213
0.00482864
0.00387397
0.00446194
0.00430837
0.00479646
0.00417984
0.00427384
0.00384852
0.00479646
0.0044607
0.00426585
0.00446497
0.00438866
0.00446133
0.0042128
0.00399524
0.00423898
0.00400829
0.00438735
0.00389822
0.00382622
0.0037736
0.00402458
0.00372196
0.00415603
0.00442235
0.00360501
0.00431081
0.00373906
0.00384738
0.00421988
0.00370389
0.00418619
0.00435893
0.00358274
0.004404
0.0042738
0.00382784
0.00464545
0.00369538
0.0041267
0.00401459
0.00414366
0.00412254
0.00366844
0.00444903
0.00359588
0.00364725
0.00415314
0.00371522
0.0038564
0.0034953
0.00384639
0.00399752
0.0037943
0.00426625
0.00563139
0.00428616
0.00368974
0.0036272
0.00402234
0.00394746
0.00380253
0.0038748
0.0037801
0.0037427
0.00364273
0.00360729
0.00414629
0.0040134
0.00377972
0.00377972
0.00423354
0.00410284
0.00365253
0.00344991
0.00374752
0.00379326
0.00374502
0.00394916
0.00452137
0.00362171
0.00436891
0.004122
0.00402821
0.00420627
0.00456733
0.00371697
0.00416382
0.00410589
0.00350241
0.00382933
0.00430754
0.00371044
0.00382726
0.00464024
0.00364965
0.00389328
0.00439967
0.00438598
0.00399739
0.00339901
0.00425455
0.00375056
0.00445517
0.00356098
0.00424752
0.0036352
0.00406312
0.00471332
0.00397319
0.00386359
0.00442365
0.00354392
0.0041659
0.00513212
0.00419685
0.00420324
0.00427059
0.00407476
0.00366439
0.00460851
0.00392192
0.00382229
0.00453584
0.00437279
0.00488885
0.0042893
0.00469241
0.00357924
0.00401229
0.00423703
0.00402603
0.00478755
0.00420116
0.00470338
0.00422589
0.00419912
0.00377159
0.0048367
0.0043347
0.00468568
0.00410646
0.0037544
0.00381862
0.00420141
0.00359573
0.00408952
0.00404132
0.00372728
0.00379746
0.00353893
0.00373128
0.00425092
0.0038194
0.00348979
0.00343274
0.00349265
0.00343274
0.00349265
0.00375055
0.00369181
0.00385367
0.00389184
0.00358878
0.00375055
0.00374401
0.00379627
0.00393195
0.00396366
0.0034201
0.00345731
0.00379033
0.00384657
0.00461638
0.00407331
0.00407691
0.0045153
0.00377459
0.0041141
0.003806
0.00404168
0.00417205
0.0038141
0.0043482
0.0034566
0.00446395
0.00392085
0.00388663
0.00389325
0.00382507
0.00372888
0.0036804
0.00382507
0.00396176
0.00381062
0.0035811
0.00378512
0.00367275
0.00402904
0.00392409
0.00385397
0.00391377
0.00434976
0.00364065
0.00365924
0.00483332
0.00406238
0.00381333
0.00388844
0.00372154
0.00382711
0.00422702
0.0038167
0.00358251
0.0037266
0.00435186
0.0041247
0.00399773
0.00369299
0.00472097
0.00402871
0.00600882
0.00379422
0.00361614
0.0040669
0.00399512
0.00353125
0.00352796
0.0040669
0.00390757
0.00393554
0.00463118
0.00422965
0.00381609
0.00452808
0.0055406
0.00566732
0.00507866
0.00466854
0.00423134
0.00499853
0.00406232
0.00406232
0.00593307
0.00420441
0.0037044
0.0042744
0.00336318
0.00371102
0.00404868
0.0036902
0.00376546
0.00428201
0.00371023
0.00349175
0.00432953
0.00349992
0.00343095
0.00421255
0.00384646
0.00382353
0.0040338
0.0037927
0.00364459
0.00381447
0.00350147
0.00387944
0.00371663
0.00419592
0.00378642
0.0037335
0.00390505
0.00366282
0.00384832
0.0037335
0.00390505
0.00365458
0.00409836
0.00375437
0.004047
0.00392098
0.00428839
0.00401548
0.00395199
0.0040902
0.00378665
0.00377491
0.00385426
0.00413584
0.00418548
0.00399171
0.00369806
0.00376147
0.00412277
0.00382152
0.00425708
0.00338574
0.00397244
0.00473115
0.00569194
0.00459684
0.00484819
0.00484758
0.00495528
0.00437935
0.00384349
0.00495528
0.00448125
0.00482139
0.00367446
0.00445542
0.00523877
0.00485605
0.004073
0.00558799
0.00470125
0.0046589
0.00414502
0.00412943
0.00441398
0.00484992
0.0039986
0.00416958
0.00466462
0.00379182
0.00484992
0.00544387
0.00367801
0.00398037
0.00412165
0.00399485
0.00360897
0.00356496
0.00397066
0.00398865
0.00385063
0.00388288
0.00406808
0.00400748
0.00348296
0.00359206
0.0035293
0.00403214
0.00384586
0.00370321
0.00396952
0.0041594
0.00378831
0.00369661
0.00422736
0.00352367
0.00389342
0.00364308
0.00359011
0.00380264
0.00373784
0.00373457
0.00499502
0.00370906
0.00392884
0.00385282
0.00390291
0.00410414
0.00353071
0.0037405
0.00347701
0.00357242
0.00424968
0.00393331
0.00391199
0.00383336
0.00360917
0.00373742
0.00366817
0.00343806
0.00384711
0.00342252
0.00372574
0.00367271
0.0039111
0.00352613
0.00351155
0.00372779
0.00384839
0.00403623
0.00363834
0.0036809
0.00374422
0.00372126
0.00420257
0.0041518
0.00407469
0.0041518
0.00393471
0.00401099
0.00405708
0.00352701
0.00402892
0.00689919
0.00469526
0.00457675
0.00363859
0.0041076
0.0042202
0.00469526
0.00387211
0.00596805
0.00378186
0.00402379
0.00445578
0.00373414
0.00345948
0.00356387
0.00356608
0.00422169
0.00404677
0.00409848
0.00352578
0.00423513
0.00421923
0.00359334
0.00500382
0.007734
0.00398001
0.00345215
0.00372824
0.00358704
0.0035695
0.00359633
0.00359633
0.00348335
0.00355802
0.00376139
0.00356984
0.00369602
0.00409146
0.00393561
0.00383596
0.00396603
0.00746341
0.00365627
0.00420317
0.00363653
0.0038649
0.00393329
0.0046206
0.00397645
0.00511623
0.0041892
0.0038631
0.00474416
0.00419667
0.00360057
0.00461472
0.00416368
0.00399303
0.003874
0.00381852
0.00356997
0.00377601
0.00347322
0.00361446
0.00478135
0.00425485
0.00385472
0.00368348
0.00468264
0.00599098
0.00393329
0.0046206
0.00423402
0.00394494
0.00368616
0.00381198
0.00349043
0.00353451
0.00449953
0.00749626
0.00412922
0.00412616
0.00361769
0.00374262
0.00387829
0.00397062
0.00420203
0.00412192
0.00352096
0.00391762
0.00422853
0.00414298
0.00399383
0.00412616
0.00375051
0.00425229
0.00395317
0.00352886
0.00353106
0.0037779
0.00422853
0.00372311
0.00358339
0.00366583
0.00363463
0.0036044
0.00359349
0.00364421
0.00378975
0.00389073
0.00327861
0.00352384
0.00360967
0.00365421
0.00388047
0.00380567
0.00366242
0.00325659
0.00388191
0.00351655
0.00347857
0.00359463
0.00390064
0.00385884
0.00390304
0.00395941
0.00372866
0.0035466
0.00326684
0.00426154
0.00372815
0.00383595
0.00774372
0.0048446
0.00676132
0.0043557
0.00426897
0.00394208
0.00343362
0.00412423
0.00339992
0.00377321
0.00401942
0.004415
0.00352635
0.00380882
0.00349522
0.00357628
0.00429847
0.00406831
0.00382609
0.00412749
0.00368146
0.00582884
0.00474181
0.0039291
0.00388487
0.00354415
0.00388487
0.00388487
0.00343676
0.00474181
0.00392874
0.00450716
0.00418782
0.00384869
0.00407513
0.00465957
0.00414706
0.00438327
0.0037857
0.00376328
0.00422634
0.00399477
0.00382237
0.00356231
0.00406771
0.00390917
0.00388923
0.00374296
0.0035777
0.00372309
0.00372438
0.00361198
0.00373972
0.00384404
0.00371636
0.00370457
0.00372199
0.0035761
0.00364238
0.00381194
0.00389891
0.00379783
0.00370162
0.00372725
0.00733885
0.00399397
0.00348705
0.00336753
0.00430353
0.00383711
0.00378382
0.00399827
0.00400838
0.00360928
0.0034983
0.00346466
0.00345906
0.00357164
0.00368801
0.00364489
0.00348903
0.00371933
0.00345631
0.00346575
0.00343428
0.00370687
0.00396485
0.00341846
0.00362725
0.00384125
0.0034825
0.00349121
0.00356357
0.004883
0.00471747
0.00464012
0.00454562
0.00485455
0.00458967
0.00458967
0.0037937
0.00500762
0.00539421
0.00446923
0.00495122
0.00472759
0.00484384
0.00493421
0.00433585
0.00519263
0.00458967
0.004883
0.00501047
0.0047981
0.00458967
0.00463919
0.00472155
0.00493421
0.00455109
0.00459764
0.00473253
0.00463919
0.0050262
0.00464609
0.00353838
0.00423524
0.00774608
0.00464609
0.0055605
0.0038231
0.00427935
0.00411623
0.00427935
0.00404203
0.00433939
0.00425991
0.00434881
0.00440305
0.00407573
0.00439593
0.00412271
0.00407386
0.00413809
0.00424334
0.00433175
0.00407573
0.00393469
0.00413809
0.00410051
0.00408397
0.00404203
0.00404203
0.00411409
0.00605609
0.00453326
0.00605609
0.00388276
0.00586942
0.00416752
0.00410827
0.00351188
0.0041779
0.00391272
0.00369508
0.00487773
0.00353715
0.00370339
0.00357332
0.00431548
0.00354113
0.00426418
0.00376643
0.00384605
0.00377398
0.00342018
0.00395404
0.00407562
0.00350205
0.00369701
0.00426173
0.00352205
0.00404557
0.00397273
0.00378547
0.00370373
0.00416957
0.00464532
0.00381687
0.0039713
0.00384842
0.0034717
0.00351574
0.00365806
0.00355186
0.00385759
0.00365764
0.00369056
0.00416242
0.00378644
0.0037028
0.00473912
0.00383901
0.00399732
0.00384493
0.00393046
0.00384876
0.00393046
0.00393046
0.00393046
0.00398912
0.00393046
0.00406673
0.00393046
0.00416242
0.00378644
0.0037028
0.00473912
0.00383901
0.00399732
0.00384493
0.00393046
0.00384876
0.00393046
0.00393046
0.00393046
0.00391938
0.00348837
0.00355884
0.00372417
0.00350365
0.00388116
0.00403305
0.00401147
0.00355952
0.00397147
0.00663013
0.00420769
0.00360245
0.00429406
0.00387888
0.00356548
0.00357596
0.00417146
0.00420771
0.00358237
0.00386914
0.00437615
0.0035369
0.00389743
0.00393728
0.00420769
0.00379969
0.0042073
0.00363818
0.00420769
0.00383088
0.00386555
0.00393716
0.00369837
0.00393488
0.00401186
0.00373613
0.00383685
0.00446269
0.00395058
0.00363987
0.00344943
0.003876
0.00371198
0.00386239
0.00370758
0.00363514
0.00446269
0.00406608
0.00388245
0.0037906
0.00489258
0.00408884
0.00334035
0.00335248
0.00370175
0.00381981
0.00390092
0.00325417
0.00410581
0.00379513
0.00478016
0.00427877
0.0034325
0.00386793
0.00397725
0.00414657
0.00388842
0.00381762
0.00394359
0.00382785
0.0037703
0.00365131
0.00393104
0.00384392
0.00393104
0.00350533
0.00386608
0.00378161
0.00369841
0.00387412
0.0040062
0.00360001
0.00357052
0.00392196
0.00379126
0.00394359
0.00386608
0.00407063
0.0038546
0.00371119
0.00352238
0.00369841
0.00386667
0.00387412
0.00393104
0.00447197
0.00381284
0.00386662
0.00387067
0.00374414
0.00423615
0.00370136
0.00391674
0.00391514
0.00406965
0.00484232
0.00784291
0.00386582
0.00397841
0.00385587
0.00391378
0.00364014
0.00626458
0.00334925
0.00412479
0.00501736
0.00380043
0.00664464
0.00345655
0.0039028
0.0065783
0.00380153
0.00378587
0.00378598
0.00371155
0.00347647
0.0036679
0.00354106
0.0036679
0.00371794
0.00371643
0.0037933
0.00337735
0.00347681
0.0040602
0.0039204
0.0035543
0.00429742
0.00397701
0.00391458
0.00384781
0.00397397
0.00424022
0.00396186
0.00384963
0.0037378
0.00365171
0.00432056
0.00366181
0.00436322
0.00409108
0.00376774
0.00419744
0.00402063
0.00347199
0.00351348
