0.00310531
0.00306976
0.00334153
0.00302474
0.00454825
0.00319126
0.00290454
0.00282494
0.00362937
0.00280106
0.00317817
0.00283899
0.00291885
0.00296821
0.00290275
0.0029385
0.00295398
0.00314107
0.00302128
0.00306055
0.00299203
0.00301703
0.00300136
0.00306327
0.00304822
0.00287222
0.00311747
0.00305167
0.00302503
0.0032516
0.00300912
0.00298926
0.00293847
0.00298719
0.00294576
0.00292968
0.0028877
0.00278404
0.0027079
0.00310207
0.00285133
0.0028853
0.00290942
0.00278891
0.00272966
0.0028761
0.00293739
0.00283564
0.00283626
0.00280352
0.00274271
0.00277654
0.00288519
0.00294609
0.00269773
0.00267079
0.00284393
0.00311188
0.00297863
0.00286846
0.00277129
0.00300926
0.00270982
0.00279639
0.00295145
0.00293064
0.00320098
0.00291098
0.00277653
0.00294175
0.00300343
0.00285589
0.00395668
0.00303252
0.00278336
0.00277883
0.00288662
0.00410513
0.002743
0.00344464
0.00275249
0.00304398
0.00287086
0.00284302
0.00293909
0.00258412
0.00255954
0.00348344
0.00286411
0.00326864
0.00284606
0.00325866
0.00294544
0.00298336
0.00272039
0.00325866
0.00309532
0.0029821
0.00338757
0.00318557
0.00313315
0.00313022
0.00301567
0.0029538
0.00300678
0.00315111
0.00290756
0.00297489
0.00287462
0.00288343
0.00285966
0.00302449
0.00302253
0.00273849
0.00310347
0.00292799
0.00280062
0.0029693
0.00283721
0.00307769
0.00293224
0.00272927
0.00299542
0.00306388
0.00284672
0.00336498
0.00280141
0.00309127
0.00301211
0.00308048
0.00320326
0.00282609
0.00308982
0.0027438
0.00281358
0.00308028
0.00270931
0.00288888
0.00273307
0.00290063
0.00301316
0.00295689
0.00308696
0.00426545
0.00313827
0.00280852
0.00280837
0.00306141
0.00279586
0.0028758
0.00299268
0.00307198
0.0028668
0.00278357
0.00277394
0.00303393
0.00295225
0.00288118
0.00288118
0.00305587
0.00302906
0.00273529
0.00275163
0.00269523
0.00303813
0.00287376
0.00294056
0.00340656
0.00271487
0.00312522
0.00278919
0.00300072
0.00293455
0.00342427
0.00276553
0.00312764
0.00313963
0.00275206
0.00276831
0.00311278
0.00280337
0.00281849
0.00341022
0.00276924
0.0029811
0.0031662
0.00320155
0.00296352
0.00278293
0.0033048
0.00281122
0.00332302
0.00267084
0.00308363
0.00277728
0.00300823
0.00324396
0.00286848
0.00287301
0.00308241
0.00276071
0.00281771
0.00323187
0.00312668
0.00298424
0.00304204
0.00296322
0.00280162
0.00325901
0.00304502
0.00290851
0.00326462
0.00325535
0.00303619
0.00304797
0.00328835
0.00274141
0.00291903
0.00322738
0.00291691
0.003345
0.00301081
0.00317128
0.00304918
0.00313413
0.0028951
0.0033995
0.00309002
0.00331283
0.0029264
0.00281236
0.0028491
0.003028
0.00277617
0.00292949
0.00301212
0.00284971
0.00279808
0.0027884
0.00285708
0.00298242
0.00283409
0.00272836
0.00271269
0.00272947
0.00271269
0.00272947
0.00285422
0.00296552
0.00288721
0.00316475
0.00288128
0.00285422
0.0028606
0.00302313
0.00307768
0.00286226
0.00265991
0.00268167
0.00283019
0.00287174
0.00324622
0.00295829
0.00302709
0.00318777
0.00283849
0.00290901
0.00282314
0.00300009
0.00304423
0.00297037
0.0030642
0.00278274
0.003365
0.00315501
0.00275957
0.00282825
0.00303163
0.00288168
0.00288365
0.00303163
0.0028891
0.00294191
0.002833
0.00294639
0.00287528
0.00306757
0.00305986
0.00290003
0.0029544
0.00309512
0.0028652
0.00281497
0.00337986
0.00308772
0.00297316
0.0029529
0.00287267
0.00290755
0.0031045
0.00301286
0.00286651
0.00293701
0.00318083
0.00303977
0.00299138
0.00289735
0.00321419
0.00291561
0.00432499
0.00286205
0.00280311
0.00313491
0.00295469
0.00274686
0.00286501
0.00313491
0.00284855
0.00297682
0.00320642
0.0031172
0.0028827
0.00299744
0.00383608
0.00334428
0.00335192
0.00328581
0.00299658
0.00353573
0.00309814
0.00309814
0.00414534
0.00312168
0.00277563
0.00308123
0.00260978
0.0027873
0.00298476
0.00285765
0.00285877
0.00304195
0.00281114
0.00248116
0.00312018
0.00267672
0.00263359
0.00289089
0.00289984
0.00281014
0.0029577
0.00295511
0.00280026
0.00288051
0.00269495
0.0030021
0.0028094
0.00302765
0.00290529
0.00278925
0.00299389
0.0028218
0.00281397
0.00278925
0.00299389
0.0027193
0.0028331
0.0027628
0.00281653
0.00274314
0.00293183
0.00284663
0.00289177
0.00290156
0.00280681
0.00275984
0.00271087
0.0029318
0.00287851
0.00288772
0.00268209
0.0028753
0.00287017
0.0028419
0.0028717
0.00261594
0.00282322
0.00315747
0.00394555
0.00343047
0.00336938
0.00345484
0.00346263
0.00305819
0.00275467
0.00346263
0.00349234
0.00342827
0.0028734
0.00329884
0.00351182
0.0033765
0.00315604
0.00388141
0.00332048
0.0034015
0.00320194
0.0031386
0.00317947
0.00345838
0.00303359
0.0029889
0.0034332
0.00285773
0.00345838
0.00384804
0.00283901
0.00288455
0.00313473
0.00307024
0.00285921
0.00277143
0.00306307
0.00325407
0.00294985
0.00295242
0.00281845
0.00300759
0.00274887
0.00275772
0.00282178
0.00283589
0.003137
0.00297849
0.00309056
0.00303727
0.0029678
0.00291598
0.00301254
0.00274012
0.00297954
0.00288527
0.00285526
0.002958
0.0029166
0.00292443
0.00342959
0.0028278
0.00313669
0.00286429
0.00287914
0.00291702
0.0027158
0.00280781
0.00265713
0.00263378
0.00304346
0.00297419
0.00290274
0.00288452
0.00281165
0.00278918
0.00274468
0.00259882
0.00286479
0.00264675
0.00292021
0.00291665
0.00300292
0.00273909
0.00275168
0.00283198
0.00273352
0.00303612
0.00274429
0.00277892
0.0028086
0.00280088
0.00290418
0.00279941
0.00286274
0.00279941
0.00292067
0.00294567
0.00295612
0.00271813
0.00316628
0.00464061
0.00329117
0.00335145
0.00273474
0.00294452
0.00315113
0.00329117
0.00303803
0.00405833
0.0028599
0.00294806
0.00316631
0.00282027
0.00268253
0.0027915
0.00274972
0.00304921
0.00289632
0.00290641
0.00274233
0.00306654
0.00296529
0.0027509
0.00341866
0.00516978
0.00299262
0.0027688
0.00290252
0.00278789
0.00272858
0.00274242
0.00274242
0.00266841
0.00268122
0.00283418
0.00271859
0.0028285
0.00296656
0.00294408
0.00289604
0.00301039
0.00467019
0.0027888
0.00324887
0.00283852
0.00300399
0.00296291
0.00308388
0.0029356
0.00356204
0.00287692
0.00292626
0.00314814
0.00304136
0.00277933
0.00300443
0.00328842
0.00281129
0.00294831
0.00282328
0.00275438
0.00287128
0.00271464
0.00276315
0.00363106
0.00324957
0.00318312
0.00284888
0.00338317
0.00459049
0.00296291
0.00308388
0.00318398
0.00277923
0.0028994
0.00275704
0.00275456
0.00276073
0.00272083
0.00541492
0.00319333
0.00318398
0.00284268
0.00293501
0.00319331
0.00298315
0.00320627
0.00319799
0.00279569
0.00296247
0.00331633
0.00295477
0.00299694
0.00318398
0.00295437
0.00329841
0.0032983
0.00279673
0.00281501
0.00293915
0.00331633
0.00285463
0.00274192
0.00275022
0.00276797
0.00295012
0.00281315
0.00276366
0.0029656
0.0028985
0.00259928
0.00281418
0.00274052
0.00282455
0.00301741
0.0028655
0.00279662
0.00259118
0.0028538
0.00263122
0.00267513
0.00277694
0.0028823
0.00277136
0.00302067
0.00313757
0.00296804
0.00281262
0.00257068
0.00320306
0.00287437
0.00288686
0.00520247
0.00328197
0.00443981
0.003136
0.00306373
0.0029048
0.00264969
0.00310326
0.00267922
0.00286661
0.00288017
0.00293292
0.00270609
0.00278987
0.00266031
0.00266774
0.00320989
0.00297649
0.00278175
0.002974
0.00291924
0.00395603
0.00319341
0.00284742
0.00269228
0.00268914
0.00269228
0.00269228
0.00262084
0.00319341
0.00284419
0.00314469
0.00295386
0.00275498
0.00288783
0.0032178
0.00298328
0.00301707
0.0027648
0.00272652
0.00299263
0.00287562
0.00290932
0.00269866
0.00280553
0.00274246
0.00285202
0.00286685
0.00272644
0.00269529
0.00275597
0.00281624
0.00285916
0.00291422
0.00300507
0.0028043
0.00281996
0.00275729
0.00280073
0.00299634
0.00292894
0.00288074
0.00281195
0.00296466
0.00526715
0.00310319
0.00280753
0.00296595
0.00295204
0.00288327
0.00284052
0.00291676
0.00297104
0.00287895
0.00283633
0.00279139
0.00276423
0.00290077
0.0029063
0.00289611
0.00267556
0.00290452
0.00283582
0.00293739
0.00288123
0.00279632
0.00292412
0.0027507
0.00281663
0.00305889
0.00280997
0.00279986
0.00276797
0.00340174
0.00341633
0.00335085
0.00324977
0.00342467
0.00332545
0.00332545
0.00285273
0.0035423
0.00361046
0.00331873
0.00351779
0.00339957
0.00347942
0.00346693
0.00319972
0.00362798
0.00332545
0.00340174
0.0034501
0.00366479
0.00341845
0.00325594
0.00333325
0.00346693
0.00324977
0.00333873
0.00332193
0.00325594
0.00342388
0.00315108
0.00271344
0.00310064
0.00495693
0.00315108
0.00364216
0.00296469
0.00310593
0.00302004
0.00310593
0.00304149
0.00324034
0.00320191
0.0031138
0.00314967
0.00308109
0.00333059
0.00301471
0.00322033
0.00312088
0.00308235
0.00323277
0.00308109
0.00311971
0.00312088
0.00308235
0.00305174
0.00304911
0.00304149
0.00315919
0.00401268
0.0031546
0.00401268
0.00278291
0.00363639
0.00301349
0.00308097
0.00266178
0.00317262
0.003007
0.00279841
0.0033756
0.00281616
0.0028247
0.00287942
0.00300669
0.00282607
0.00297452
0.00293304
0.0028918
0.00307672
0.00281085
0.00299977
0.00290834
0.00285995
0.00299257
0.00313454
0.00283102
0.00299293
0.00286903
0.00294117
0.00268148
0.00305125
0.00323778
0.00279321
0.00297551
0.00315352
0.00277939
0.00281453
0.00284173
0.00280218
0.00303346
0.0027541
0.00272429
0.00310503
0.0026691
0.0028707
0.00329127
0.00280493
0.00281862
0.00277488
0.00283784
0.00278313
0.00283784
0.00283784
0.00283784
0.00283784
0.00283784
0.00291272
0.00283784
0.00310503
0.0026691
0.0028707
0.00329127
0.00280493
0.00281862
0.00277488
0.00283784
0.00278313
0.00283784
0.00283784
0.00283784
0.00294065
0.00276767
0.0027336
0.00280851
0.00277382
0.00277569
0.00315072
0.00307093
0.00282874
0.00299863
0.00440021
0.00322263
0.00282009
0.00314488
0.00313576
0.00286274
0.00283119
0.00298302
0.00322263
0.00286312
0.00295032
0.00324484
0.00280212
0.00297835
0.00289903
0.00322263
0.0028009
0.00311433
0.00286123
0.00322263
0.00290945
0.00297117
0.00294297
0.00289055
0.00293176
0.0029991
0.00277442
0.00315322
0.00319886
0.00278868
0.00298914
0.00274355
0.00295417
0.00288776
0.00285983
0.00270432
0.00281645
0.00319886
0.00298997
0.00295818
0.00289021
0.0033943
0.00298779
0.00265101
0.00266856
0.00281131
0.00294432
0.00312377
0.00256951
0.00303661
0.00267134
0.00338623
0.00285813
0.00267784
0.00277927
0.00297395
0.00340139
0.00319636
0.00296948
0.00318178
0.00291842
0.00290946
0.00299932
0.00313155
0.00295919
0.00313155
0.00279276
0.00302007
0.00308917
0.00298072
0.00312545
0.00303782
0.00292634
0.0028427
0.00307871
0.00313754
0.00318178
0.00302007
0.00313426
0.00307176
0.00290835
0.00283109
0.00298072
0.00311155
0.00312545
0.00313155
0.00309026
0.00288966
0.00292782
0.00287348
0.00284127
0.00307691
0.00290914
0.00300961
0.00298254
0.00303236
0.00356251
0.00552433
0.00278864
0.00289503
0.00291924
0.002854
0.0027155
0.00435452
0.00263263
0.00285345
0.00348158
0.00280907
0.00440665
0.00263457
0.00291047
0.00375239
0.00282885
0.00281081
0.00279061
0.00277501
0.00260158
0.00282737
0.00278761
0.00282737
0.00274262
0.00288549
0.00284155
0.00266233
0.00274626
0.00288592
0.00295553
0.00285535
0.00310108
0.00298154
0.00288149
0.00299222
0.00308179
0.00296536
0.00287776
0.00285822
0.00296411
0.00273597
0.00314557
0.00275947
0.00321763
0.00296672
0.00314297
0.00296634
0.00288649
0.00267798
0.00282217
