0.00298012
0.00278178
0.00442953
0.0036814
0.0036814
0.00317502
0.00336947
0.00265612
0.00358847
0.0029346
0.00292696
0.00269778
0.00287474
0.00394808
0.00298647
0.0030895
0.00345538
0.0036814
0.00379369
0.00353786
0.0040237
0.00301256
0.00285016
0.00367169
0.00340614
0.00279962
0.00293773
0.00360317
0.00289138
0.00309246
0.00301686
0.00337733
0.00269112
0.0039395
0.00465769
0.00355685
0.00281673
0.00359481
0.00331264
0.00380893
0.00425895
0.00313857
0.00432423
0.00406937
0.00307537
0.00395171
0.00402953
0.00366538
0.00394294
0.00402301
0.00372806
0.00404616
0.0029884
0.00412963
0.00311979
0.0031401
0.00460552
0.00505655
0.0039395
0.00289969
0.00317588
0.00365336
0.0039222
0.00308076
0.00368502
0.00408636
0.00359535
0.00372245
0.00301958
0.00708822
0.00506669
0.00503511
0.00313843
0.0034636
0.00343547
0.00341284
0.00318049
0.00295625
0.00342232
0.00458553
0.00284722
0.00293663
0.00358571
0.00335418
0.00329261
0.00343398
0.00291615
0.00300912
0.00325792
0.00370809
0.00410203
0.00379282
0.00363421
0.00324843
0.00410203
0.00399296
0.00394502
0.00385832
0.0038071
0.00363073
0.00393134
0.00400049
0.00314743
0.00410203
0.00390975
0.00380716
0.00385832
0.00363421
0.00804936
0.00282496
0.00573724
0.00319853
0.00278204
0.00391958
0.00322608
0.00346757
0.00391742
0.00380207
0.00267728
0.00393433
0.00480121
0.00280038
0.00272813
0.0030184
0.00281187
0.00335566
0.00301736
0.00295657
0.00335685
0.00343801
0.00298325
0.00415882
0.00256229
0.00265486
0.00257562
0.00270871
0.00266738
0.00429588
0.00337634
0.00332599
0.00415653
0.00287794
0.00310509
0.00394682
0.0042913
0.00575766
0.00576855
0.00667681
0.00510011
0.00412407
0.00559054
0.00346031
0.00724317
0.00451065
0.00328677
0.00393622
0.00261005
0.00327144
0.00319196
0.00302059
0.00312425
0.00365851
0.00579822
0.00321695
0.00376658
0.00435132
0.00384103
0.00343865
0.00654342
0.00353894
0.00362816
0.00332895
0.00386228
0.0038996
0.0031264
0.00361964
0.00303237
0.00278615
0.00284112
0.00332329
0.00332101
0.00304789
0.00452656
0.00329889
0.00388507
0.00313693
0.00339493
0.00280836
0.00423634
0.00302392
0.00349795
0.00396468
0.0030128
0.00428527
0.00331523
0.00395269
0.00346629
0.00292493
0.00413157
0.0034667
0.003429
0.00286301
0.00322691
0.00297001
0.00372549
0.00379213
0.00347882
0.0035968
0.00376655
0.00397647
0.00380783
0.00367677
0.00325842
0.00371782
0.00369863
0.00421523
0.00322739
0.00368674
0.00369691
0.00368657
0.00370234
0.0035285
0.00283773
0.00324945
0.00336796
0.00410805
0.00338001
0.00314351
0.00406865
0.00297823
0.00401847
0.00308986
0.00353407
0.00328593
0.00365462
0.00366275
0.0037504
0.0037504
0.0037504
0.0038899
0.00371429
0.0058374
0.00357922
0.00374016
0.00367769
0.00334024
0.00327125
0.00341366
0.00392704
0.00389727
0.00427926
0.00333002
0.0033682
0.0033682
0.00294144
0.00333002
0.00460617
0.00404645
0.0037595
0.00392035
0.00398884
0.00338471
0.00346979
0.00316817
0.00380347
0.00441528
0.00471392
0.00321413
0.00343996
0.00421654
0.00276252
0.00441528
0.00393005
0.00304059
0.00326835
0.00375204
0.00347899
0.0029818
0.00352415
0.00459042
0.00440033
0.00341017
0.004462
0.00321122
0.00379712
0.00362452
0.00346979
0.00426412
0.00329571
0.00296046
0.00345743
0.00371794
0.00336973
0.0065564
0.00253217
0.00357849
0.00312325
0.00427978
0.00335899
0.00285529
0.00276336
0.00361392
0.00318649
0.0028968
0.00291282
0.00355181
0.00325446
0.00399443
0.00337009
0.00314949
0.00380314
0.00315544
0.00330292
0.00426301
0.00384533
0.00339516
0.00352674
0.00419422
0.00503511
0.00433529
0.00433529
0.00276641
0.00365514
0.00282819
0.00289961
0.00368699
0.00304124
0.00305711
0.00304754
0.00407298
0.00280456
0.00289956
0.00304971
0.00406854
0.00313446
0.00326782
0.00360717
0.00398942
0.00364513
0.0035269
0.00378768
0.00346283
0.00396563
0.00268069
0.0031541
0.00317514
0.00335339
0.00289684
0.00394481
0.00263015
0.0031051
0.00276212
0.00299293
0.00276727
0.00310287
0.00268384
0.00284129
0.00275936
0.00315241
0.0033465
0.00336282
0.0059277
0.00334028
0.00301327
0.00396148
0.0031331
0.00323104
0.00337545
0.00323397
0.00757592
0.00573004
0.00358208
0.00276168
0.00306147
0.00335233
0.00647025
0.00316878
0.00416025
0.00331517
0.00345498
0.00349286
0.00334834
0.00294542
0.00355432
0.00288482
0.00350827
0.00314424
0.00316843
0.00328039
0.00306382
0.00345288
0.00339957
0.0073576
0.0032214
0.00307646
0.00307552
0.00408964
0.00575463
0.00324273
0.00428329
0.00307219
0.00315873
0.00315549
0.00374735
0.00332625
0.00425445
0.00302951
0.00319431
0.0048906
0.00563238
0.00382625
0.00444666
0.00418335
0.00612449
0.00605242
0.00698099
0.00639566
0.00743929
0.00743929
0.00626426
0.00743929
0.00462718
0.00622683
0.0050884
0.00605242
0.00504536
0.00605242
0.00612449
0.00386039
0.00605242
0.00743929
0.00583361
0.00350622
0.00334132
0.00349243
0.00280252
0.00306374
0.00321397
0.00348802
0.00276758
0.00531687
0.00426814
0.00276506
0.00320679
0.00340029
0.00325464
0.00348497
0.00408354
0.00316504
0.00333053
0.00464009
0.0032938
0.0036302
0.00336478
0.00440074
0.00486607
0.00486197
0.00381468
0.00453986
0.00336056
0.00342315
0.00347086
0.00387327
0.00392337
0.00303141
0.00300911
0.00296572
0.00405128
0.00353295
0.00463289
0.00426507
0.00437994
0.00437994
0.00425514
0.00466726
0.00433122
0.00401898
0.00319875
0.00317888
0.00308974
0.00314401
0.00364236
0.00319277
0.0036646
0.00282102
0.00271743
0.00397159
0.00328673
0.00378949
0.00385268
0.00385536
0.00367016
0.00397769
0.00348832
0.00298714
0.00310766
0.00365569
0.00414289
0.00369617
0.00425291
0.00410692
0.00448424
0.00402074
0.00409013
0.00313384
0.00424868
0.00511801
0.0038349
0.00415436
0.00413835
0.00426408
0.00349156
0.00278395
0.00321126
0.00420593
0.00400174
0.00360768
0.00276367
0.00447426
0.00361658
0.00269692
0.0049534
0.00269592
0.00315458
0.00289969
0.00292615
0.00263994
0.00314413
0.00326036
0.00325351
0.00353177
0.00582407
0.00285102
0.00337569
0.00313765
0.00301121
0.00316831
0.00549088
0.0038757
0.00324312
0.00337688
0.00332234
0.00318855
0.00273693
0.00266685
0.0031145
0.00330574
0.00332236
0.00292175
0.00279045
0.00293722
0.00312074
0.00287023
0.00318346
0.00302512
0.0027482
0.0037158
0.00457682
0.00281339
0.0032692
0.00306194
0.0036224
0.00328502
0.00350599
0.00360411
0.00293108
0.00387596
0.00609531
0.00401128
0.00518711
0.00465674
0.00341638
0.00377412
0.0037039
0.00435879
0.00465674
0.00318072
0.00321953
0.00311698
0.00489052
0.00350869
0.00326908
0.00288325
0.00331073
0.00351959
0.00371159
0.00279096
0.0067095
0.00311996
0.00279096
0.00304886
0.00307841
0.00296799
0.00272393
0.00330352
0.00360144
0.00300567
0.00302105
0.0027826
0.00388645
0.00409676
0.00437543
0.00465559
0.00409914
0.00418108
0.0029001
0.0030877
0.00309025
0.0027087
0.00267337
0.00403589
0.00302212
0.00274876
0.00313458
0.00322789
0.0028962
0.00275525
0.00286815
0.00371932
0.00270168
0.00280398
0.00301993
0.00276968
0.00349235
0.00350354
0.00353801
0.00689751
0.00268291
0.00260642
0.00425507
0.00358955
0.00327106
0.00322319
0.00332113
0.00326504
0.00349246
0.00426468
0.00289133
0.00353165
0.00317672
0.0035126
0.00319811
0.00337111
0.00320828
0.00350152
0.00300506
0.00274012
0.00390744
0.00378695
0.00397977
0.00345826
0.00316745
0.00388239
0.00316285
0.00294205
0.00281817
0.00357357
0.00297737
0.00430476
0.00317664
0.00321595
0.00302498
0.00299373
0.00322059
0.00331447
0.00302193
0.00467768
0.00318231
0.00353044
0.00364972
0.00319053
0.00303503
0.00315452
0.00362947
0.00355435
0.00332733
0.00385672
0.0035824
0.00322403
0.00349259
0.00303885
0.00317998
0.0036917
0.00333669
0.0032673
0.00287076
0.00435718
0.00392141
0.00324528
0.00302918
0.00289297
0.00307101
0.00324093
0.0035884
0.00358141
0.00282086
0.00320936
0.00283812
0.00297632
0.0032456
0.00333447
0.00351607
0.00377096
0.00419932
0.00335602
0.00340973
0.00295291
0.00310045
0.00257972
0.00337566
0.00360526
0.00409417
0.00332932
0.00378082
0.00438261
0.00378082
0.00380636
0.0033134
0.00341904
0.00332214
0.00372836
0.00286744
0.00713381
0.00341372
0.00635676
0.00748382
0.0101173
0.00473093
0.00875222
0.00701188
0.00391069
0.00454045
0.00291467
0.00412924
0.00368794
0.0032107
0.0101173
0.00399668
0.00372625
0.00354068
0.00346284
0.00379001
0.00363215
0.00474401
0.00385789
0.00362771
0.00316642
0.00323926
0.00378177
0.00315851
0.00400928
0.00376261
0.00515921
0.00549046
0.00282265
0.00760836
0.00286929
0.00310114
0.00303653
0.00289231
0.00337842
0.00269104
0.00308336
0.00706879
0.00294114
0.00309545
0.00406208
0.00432345
0.00272581
0.00340026
0.00332102
0.0037648
0.00348985
0.00275522
0.00301627
0.00384415
0.00408909
0.00436542
0.00442942
0.00416035
0.00369227
0.00431518
0.00372736
0.00318371
0.0029065
0.0031526
0.00394139
0.00339449
0.00407193
0.00290494
0.00301355
0.00296715
0.00276313
0.00277769
0.00580278
0.00314359
0.00403082
0.00393418
0.00304081
0.00280022
0.00650477
0.00327488
0.00240691
0.00298778
0.00282762
0.00245305
0.00287952
0.00339919
0.00350253
0.00362002
0.00362002
0.00364758
0.00382756
0.00362002
0.00284215
0.00282407
0.00274814
0.00348618
0.00324178
0.00360687
0.00367666
0.0027066
0.003965
0.00286451
0.00371657
0.00304114
0.00374808
0.00283358
0.00318937
0.00348193
0.0030135
0.00384585
0.00299993
0.00304684
0.00515443
0.00423908
0.00322336
0.00289413
0.00321534
0.00352299
0.00289596
0.00295366
0.00346487
0.00340807
0.00358019
0.00333937
0.00350525
0.00356173
0.00319686
0.00339631
0.00328898
0.00308946
0.00348153
0.00513112
0.00677888
0.00449954
0.00366316
0.00441371
0.00367758
0.00367758
0.00386
0.00276128
0.00345365
0.00298716
0.00321968
0.00349684
0.00388489
0.00313494
0.00305193
0.00588752
0.00315232
0.00516377
0.00383083
0.00429594
0.00431176
0.00473389
0.00354112
0.00310934
0.00311394
0.00296352
0.0030175
0.00292369
0.00372616
0.00354442
0.00370996
0.00327488
0.00408449
0.0031098
0.00322564
0.00322479
0.00311113
0.00370996
0.00409485
0.0046009
0.00300992
0.00409485
0.0046009
0.00395704
0.00375554
0.00395045
0.00409683
0.00359841
0.00514226
0.0032803
0.00280562
0.00352303
0.00357574
0.00328453
0.00312219
0.00341621
0.003279
0.00343156
0.00287864
0.00347576
0.00282993
0.00328682
0.0039957
0.00456521
0.00301002
0.00347663
0.00286293
0.00407259
0.00366504
0.00291237
0.00457075
0.00325905
0.00332484
0.00264655
0.00396445
0.00304799
0.00316525
0.00275906
0.00272281
0.0028236
0.00364901
0.00282318
0.00290988
0.00379584
0.00313961
0.00307924
0.00268243
0.0027955
0.00299176
0.00299983
0.00306575
0.00299265
0.0028981
0.00331213
0.00332234
0.00304208
0.00320122
0.00262847
0.00296708
0.00325241
0.00304644
0.00292145
0.00307443
0.0024492
0.00281811
0.00358019
0.00253177
0.0032703
0.00317356
0.00341742
0.00641353
0.00344983
0.00310607
0.00286605
0.00280431
0.00293902
0.00498156
0.00329208
0.00286774
0.00454683
0.00299383
0.00299622
0.00291081
0.00411762
0.00374111
0.00335439
0.00382926
0.00377451
0.00426887
0.00394319
0.00382165
0.00314613
0.00333561
0.00316315
0.00293713
0.00310335
0.00324421
0.00301872
0.00315806
0.00303945
0.00294685
0.00537056
0.0031994
0.00393439
0.00268193
0.00349118
