0.00403744
0.00408827
0.00455174
0.00396325
0.00599959
0.00420207
0.00360696
0.0036255
0.00450158
0.00367612
0.00404146
0.00373278
0.00393824
0.00396162
0.00390076
0.00390662
0.00389054
0.00420318
0.00402451
0.00385833
0.0039164
0.00397087
0.0038677
0.00403275
0.00397207
0.00370315
0.00393018
0.00392652
0.00392849
0.00413912
0.00382849
0.00381349
0.00374406
0.00378725
0.00385234
0.00380662
0.00375998
0.00365136
0.00348991
0.00423471
0.0033895
0.00380144
0.00354457
0.00364958
0.00345143
0.00380896
0.00382675
0.00362908
0.00379683
0.00359919
0.00360006
0.00357116
0.00376414
0.00377127
0.00337446
0.00339211
0.0037278
0.00405962
0.0039875
0.00362831
0.00355496
0.0040866
0.00344631
0.00363613
0.00392703
0.00383112
0.00453792
0.00366941
0.00370133
0.00374089
0.00397867
0.00373723
0.00466055
0.00391779
0.00359657
0.00375719
0.00382891
0.00557726
0.00357686
0.00424433
0.00359934
0.00398375
0.00351754
0.00360475
0.00369699
0.00332477
0.00331522
0.0044351
0.00364869
0.00415074
0.0038244
0.0045568
0.0040755
0.00407273
0.00376966
0.0045568
0.00403672
0.00387751
0.00444321
0.00421307
0.00416384
0.00410955
0.0039642
0.00381308
0.00395543
0.00417
0.00378417
0.00379021
0.00359298
0.00388976
0.00373733
0.00391364
0.00420221
0.00353523
0.0040922
0.0038793
0.00375356
0.00408853
0.00365133
0.0040638
0.00384283
0.00356753
0.00403876
0.00406951
0.00387775
0.004691
0.00365617
0.00400672
0.00390708
0.00399402
0.0039531
0.0036201
0.00386945
0.00353495
0.00363769
0.00382808
0.0037488
0.00376578
0.0034903
0.00364835
0.00388779
0.00382165
0.00403108
0.00490004
0.00424018
0.00363257
0.00366311
0.00399183
0.00368624
0.0036933
0.00386305
0.00394062
0.00371797
0.0036305
0.00361928
0.00397544
0.00387572
0.00371121
0.00371121
0.00402847
0.00394398
0.00354863
0.00348888
0.00352825
0.00391572
0.0036992
0.00381884
0.00454831
0.00363848
0.00418133
0.00378354
0.00399208
0.00400628
0.0045293
0.00370339
0.00418399
0.00404329
0.00340683
0.00371493
0.00430745
0.00370384
0.00371955
0.00450123
0.00354928
0.00399572
0.00392409
0.00424134
0.00382458
0.0034875
0.0041364
0.00382497
0.00445839
0.00352541
0.00396105
0.0034607
0.00379985
0.00437487
0.00372299
0.0037001
0.00399933
0.00351136
0.00372213
0.00429636
0.00399299
0.00394588
0.003818
0.00386452
0.00363155
0.00390404
0.00380002
0.00371042
0.00413039
0.0041185
0.00425172
0.00390551
0.00419217
0.00351926
0.00379151
0.00401883
0.00373709
0.00431961
0.00387974
0.00416947
0.00400964
0.00404582
0.00374449
0.00461533
0.00394388
0.00440745
0.00378402
0.00363333
0.00371976
0.00399412
0.00362892
0.00383696
0.00390895
0.00366497
0.00365968
0.00357314
0.00371796
0.00393355
0.00373337
0.00349609
0.00347262
0.00339859
0.00347262
0.00339859
0.00373942
0.00370719
0.00383951
0.00415632
0.00362349
0.00373942
0.00365841
0.00390659
0.00391335
0.00377938
0.00340064
0.00339695
0.00372614
0.003568
0.00435806
0.00391421
0.00396836
0.0040006
0.00365185
0.00381463
0.00366844
0.00395786
0.00387823
0.00376746
0.00395344
0.0035467
0.00437243
0.00382864
0.00368692
0.00363693
0.0037597
0.00372291
0.00372435
0.0037597
0.0038425
0.00374909
0.00359858
0.00389051
0.00366866
0.00396451
0.00386888
0.00375681
0.00373949
0.00410893
0.00368826
0.00368045
0.00456231
0.00391933
0.00385122
0.00382504
0.00365254
0.00376435
0.00407358
0.00382007
0.0036362
0.00366141
0.00429222
0.00394494
0.00383917
0.0037461
0.00432405
0.00393811
0.0054916
0.00368736
0.00361127
0.00405324
0.00381859
0.00353246
0.00354296
0.00405324
0.00376728
0.00383409
0.00421816
0.00396398
0.00375832
0.0043433
0.00502364
0.00423901
0.00437163
0.00439539
0.00394059
0.00463731
0.00406341
0.00406341
0.00520097
0.00406879
0.00364141
0.00400335
0.00344292
0.00360647
0.00388764
0.0036939
0.00373437
0.00392879
0.00365907
0.00320661
0.00421935
0.00348684
0.00340285
0.00377184
0.00372601
0.00362495
0.00382649
0.00374437
0.00364825
0.00370607
0.00343766
0.00388383
0.00364028
0.00400336
0.00375413
0.00370851
0.00378328
0.00365274
0.00366189
0.00362261
0.00378328
0.00350787
0.00385512
0.00375675
0.00376718
0.00373786
0.00380506
0.00385362
0.00389864
0.00379733
0.00376069
0.00370085
0.0036873
0.00392565
0.00385618
0.00412226
0.00369508
0.00394349
0.00390715
0.00376383
0.00405311
0.00344109
0.00376463
0.00432773
0.00515732
0.00441219
0.0044901
0.00452778
0.0045562
0.00420004
0.00351213
0.0045562
0.00441462
0.00449734
0.00363658
0.004309
0.00477163
0.00450748
0.00372578
0.00512369
0.00436198
0.00433359
0.00410445
0.00398061
0.00416517
0.00453141
0.00392567
0.00388943
0.00451408
0.00371299
0.00453141
0.00485652
0.00380063
0.00376482
0.00392582
0.00393916
0.00367565
0.00357696
0.00388997
0.00416724
0.00376444
0.00386311
0.00354903
0.00393065
0.00355298
0.00377702
0.00361857
0.00358407
0.00403164
0.00377375
0.00404499
0.00388977
0.00381821
0.00374481
0.00402195
0.00351119
0.00390303
0.00375275
0.00368815
0.00375166
0.00372701
0.00391204
0.00433623
0.00371933
0.00396878
0.00369164
0.00369519
0.0039338
0.0034042
0.00359793
0.00334047
0.00334812
0.00390372
0.00386414
0.00368496
0.00385601
0.00360617
0.00359288
0.00362478
0.00329993
0.00381413
0.00336258
0.00361835
0.00361106
0.00353178
0.00344625
0.00338641
0.00356972
0.00352128
0.00389713
0.0034866
0.00353752
0.00360148
0.00358255
0.00388161
0.00382566
0.00384905
0.00382566
0.00373606
0.00385848
0.00390751
0.00353426
0.00403387
0.00572146
0.00434965
0.00426328
0.00352459
0.00396584
0.00435817
0.00434965
0.00397315
0.00535948
0.00360677
0.00379325
0.00414612
0.00365313
0.00350123
0.00350439
0.00355373
0.00389143
0.00371313
0.00386447
0.00355946
0.00394006
0.00399861
0.00349663
0.00435747
0.00704414
0.00383792
0.00356049
0.00361847
0.00352528
0.00349018
0.00353813
0.00353813
0.00344795
0.00345883
0.00347249
0.00348543
0.00355004
0.00398777
0.00383404
0.00374088
0.00383839
0.00631765
0.00350468
0.00420109
0.00357778
0.00377714
0.0038442
0.00417752
0.00380983
0.00486117
0.00378062
0.00376177
0.00413523
0.00394593
0.00350948
0.00403492
0.00403058
0.0036455
0.00377611
0.00357853
0.00348702
0.00364351
0.00340476
0.00353546
0.0044149
0.00435334
0.00366402
0.00363976
0.00435452
0.00574458
0.0038442
0.00417752
0.00407803
0.00379642
0.00378017
0.0037026
0.0035675
0.0034502
0.00391741
0.00657327
0.00415442
0.0041319
0.00365994
0.00380921
0.00417985
0.00388933
0.00413704
0.00418494
0.0035936
0.00384138
0.00423603
0.00356831
0.00386714
0.0041319
0.0037371
0.00417142
0.00426368
0.00363484
0.00371032
0.00377985
0.00423603
0.00376225
0.00355264
0.00350404
0.00372439
0.00373035
0.00363771
0.00362556
0.00373759
0.00381766
0.00334221
0.00370319
0.00357138
0.00355059
0.00381472
0.00389289
0.00361444
0.00325122
0.003817
0.00344853
0.00346856
0.00359542
0.00390508
0.00359421
0.00389772
0.00418239
0.00374921
0.00369829
0.00329332
0.00417539
0.00371973
0.00384021
0.00672175
0.0043902
0.00551781
0.004045
0.00404869
0.00363778
0.00343652
0.00390755
0.00343398
0.00365216
0.00376108
0.00393524
0.00353085
0.00369811
0.00350137
0.00350866
0.00429928
0.0039158
0.00376347
0.00400525
0.00379984
0.0063723
0.00443596
0.00381884
0.00365499
0.00355856
0.00360927
0.00360927
0.00347071
0.00443596
0.00380906
0.00428061
0.00397054
0.00370545
0.00389392
0.00461502
0.00395281
0.00410666
0.00371873
0.00383542
0.00402274
0.00402172
0.00374309
0.00350757
0.00370545
0.0037054
0.0036909
0.00375536
0.00353761
0.00354673
0.0036927
0.0036259
0.00370832
0.00377195
0.00385878
0.00364056
0.0036491
0.00355019
0.0036071
0.00394277
0.00374146
0.00372539
0.00363941
0.00364761
0.0068161
0.00397536
0.00359116
0.0036906
0.00401096
0.00389554
0.0036514
0.00386767
0.00397385
0.0037282
0.0036249
0.00355447
0.00348698
0.00365148
0.00380367
0.00366307
0.00360076
0.00369446
0.00363318
0.00369393
0.00378628
0.00360473
0.00387156
0.00348383
0.00370186
0.00399727
0.00358059
0.00357134
0.00357484
0.00439472
0.00438455
0.00432943
0.00421443
0.00449086
0.00425511
0.00425511
0.00368533
0.00448121
0.00477797
0.00455249
0.00438792
0.00447816
0.00448728
0.00448728
0.0041454
0.00473995
0.00425511
0.00439472
0.00452384
0.00473079
0.00425511
0.00423659
0.00431523
0.00448728
0.00421443
0.00427573
0.00434924
0.00423659
0.00458829
0.0043453
0.0035242
0.00396955
0.00610462
0.0043453
0.00510924
0.00391291
0.00396603
0.00388883
0.00396603
0.00389886
0.00416573
0.00402917
0.00396608
0.00394684
0.00388092
0.0042479
0.00391766
0.00403693
0.00396564
0.00390322
0.00406789
0.00388092
0.00403693
0.00396564
0.00390322
0.00388782
0.00391878
0.00389886
0.00398967
0.00526475
0.0041563
0.00526475
0.00363121
0.00482732
0.00397038
0.00404568
0.00345048
0.00416775
0.00395054
0.00360843
0.00441222
0.00360446
0.00371419
0.00364928
0.00407971
0.00358719
0.00396727
0.00378287
0.00392119
0.00382789
0.0034287
0.00369782
0.00373464
0.00360466
0.0037134
0.0041871
0.003626
0.00380023
0.00386827
0.00376358
0.00362089
0.00388236
0.0042659
0.00362599
0.00405297
0.00378509
0.00353314
0.00361309
0.00379114
0.00357055
0.00394426
0.00347746
0.00357055
0.00392052
0.00356338
0.00358291
0.00431646
0.00372405
0.00387498
0.0036597
0.00363759
0.00358754
0.00363759
0.00363759
0.00363759
0.00363759
0.00363759
0.00373831
0.00363759
0.00392052
0.00356338
0.00358291
0.00431646
0.00372405
0.00387498
0.0036597
0.00363759
0.00358754
0.00363759
0.00363759
0.00363759
0.00385984
0.00352598
0.00357896
0.00359777
0.00353836
0.0035755
0.00381815
0.00374962
0.00360702
0.00380566
0.00587986
0.0042694
0.00367616
0.00419799
0.00382773
0.00367203
0.00365728
0.00404143
0.00426942
0.00374745
0.00387741
0.00429209
0.0036433
0.00372752
0.00377578
0.0042694
0.00373838
0.00427074
0.00372204
0.0042694
0.00384384
0.00386861
0.00393387
0.00375103
0.0039351
0.00401284
0.00358564
0.00371222
0.00438722
0.00383086
0.00378174
0.00353633
0.00363338
0.00372797
0.00385667
0.00359371
0.00370691
0.00438722
0.00399996
0.00376232
0.00360876
0.00453678
0.00391605
0.00347175
0.00343122
0.00373361
0.00398384
0.00389056
0.00326778
0.00399147
0.00339951
0.00421609
0.00383329
0.00342107
0.0038753
0.00383017
0.00440018
0.00415073
0.00386534
0.00411147
0.00372275
0.00375382
0.00384143
0.00406842
0.00380891
0.00406842
0.00358402
0.00391799
0.00390699
0.00388321
0.00405376
0.00389444
0.00370499
0.00371667
0.00402395
0.00399851
0.00411147
0.00391799
0.00402693
0.00392974
0.00372246
0.0036341
0.00388321
0.00401288
0.00405376
0.00406842
0.00382332
0.0037769
0.00388775
0.00373464
0.0037278
0.00407467
0.00377882
0.00389454
0.00389364
0.0040132
0.00477546
0.00683477
0.00356673
0.00376432
0.00372746
0.00392902
0.00362167
0.00519487
0.00335621
0.00361701
0.00496193
0.00358712
0.00544777
0.00334719
0.00348572
0.00508463
0.00359717
0.00353925
0.00335467
0.00353925
0.00330265
0.0035658
0.00351032
0.0035658
0.00345265
0.0036127
0.00360056
0.00335839
0.00343808
0.00360496
0.00393523
0.00375306
0.00442091
0.00383949
0.00397544
0.00372845
0.00397787
0.00405814
0.00377197
0.00380526
0.00360424
0.00359574
0.00413468
0.0035713
0.0040967
0.00401954
0.00401621
0.00401872
0.00388398
0.00348289
0.00357874
