0.00405674
0.0044811
0.00506109
0.00390118
0.00621035
0.00477066
0.00374716
0.00346211
0.00567275
0.0034876
0.00379512
0.00396738
0.00346866
0.00337944
0.00351722
0.00327873
0.00335743
0.00350447
0.00357958
0.00337081
0.00343438
0.00342462
0.00343647
0.00360838
0.00354802
0.00324191
0.00357723
0.00347231
0.00336934
0.00374105
0.00342052
0.00346469
0.00310378
0.00340195
0.00326769
0.00348167
0.00375097
0.00356995
0.00304749
0.0032843
0.00417522
0.00374407
0.00326798
0.00341846
0.00333061
0.00384334
0.00396919
0.00344641
0.00401304
0.00345843
0.00344929
0.0038764
0.0040259
0.00370042
0.00306772
0.00326892
0.00368933
0.00413335
0.00370729
0.00368499
0.00341421
0.00384542
0.00301655
0.00321555
0.00335851
0.00381357
0.00380375
0.00345031
0.00437525
0.00367934
0.00380545
0.00379983
0.00546265
0.00362526
0.00403382
0.00389666
0.00365388
0.00575264
0.00325377
0.00496453
0.0034989
0.00419007
0.00359144
0.00340435
0.00383725
0.00355111
0.00329167
0.0044674
0.00362779
0.00390977
0.00343628
0.0039538
0.00360819
0.00336256
0.00343898
0.0039538
0.00381192
0.00381192
0.00370375
0.00402568
0.00442309
0.00429061
0.0038657
0.00393756
0.0038657
0.00413109
0.00359526
0.00346728
0.0034586
0.00386736
0.00347041
0.00418124
0.00405112
0.00318061
0.004041
0.00343129
0.00349628
0.00476394
0.00345497
0.00410009
0.00375689
0.00314138
0.00402725
0.00406949
0.00357838
0.00547983
0.00340482
0.00390797
0.00386847
0.00402732
0.00393641
0.00319187
0.00352846
0.00330068
0.00328503
0.00354687
0.00340438
0.00346726
0.00325599
0.00327049
0.00372599
0.00344986
0.00422224
0.00646782
0.00419
0.00337071
0.00352552
0.00404631
0.00361739
0.0036395
0.00361648
0.00365223
0.00373426
0.00365165
0.003279
0.00404071
0.00396557
0.00368562
0.00368562
0.00436881
0.00402124
0.00341678
0.00327412
0.00353847
0.00410506
0.00364977
0.00401042
0.00433798
0.00335646
0.00385213
0.00383114
0.00377582
0.00410139
0.00427766
0.00336909
0.00394919
0.00360293
0.00346417
0.00352986
0.00407224
0.00335499
0.00338821
0.0045886
0.0032046
0.00424556
0.00431467
0.00432444
0.00394642
0.00329019
0.00462079
0.00345663
0.00508597
0.00336648
0.00393722
0.00332935
0.00425708
0.00461196
0.0040304
0.00447162
0.00411111
0.00344027
0.00391348
0.00503147
0.00390615
0.00404799
0.00382591
0.00378877
0.00392394
0.00381372
0.00365593
0.00374471
0.00411575
0.00407454
0.00423978
0.00412046
0.00443708
0.00327273
0.00383522
0.00421903
0.0039705
0.0045296
0.00391708
0.00414576
0.00422218
0.00409448
0.00364549
0.00438733
0.00420591
0.00468429
0.0040163
0.00336685
0.00366485
0.00387038
0.00365607
0.00365256
0.00394914
0.00365081
0.00365852
0.00330518
0.00359188
0.0040412
0.00362961
0.00318998
0.00329141
0.00317814
0.00329141
0.00317814
0.00359188
0.00389065
0.00378252
0.0040767
0.00372692
0.00359188
0.00377716
0.00352048
0.00373416
0.00384871
0.00317452
0.00343263
0.0038155
0.00350231
0.00421912
0.0040549
0.00366806
0.00443329
0.00355362
0.00407834
0.00340826
0.00402185
0.00418627
0.00453939
0.00414401
0.00337721
0.00365705
0.00359559
0.0036338
0.00370171
0.00334633
0.00327469
0.00322867
0.00334633
0.00330968
0.00325977
0.00318406
0.00350398
0.00324324
0.00359563
0.00334996
0.0034351
0.00333432
0.00379129
0.00329514
0.00326425
0.00411393
0.00356056
0.0034019
0.0034318
0.00332637
0.0034063
0.00373855
0.00337904
0.0032193
0.00323181
0.00367485
0.00347978
0.00351647
0.0032905
0.00418499
0.00370208
0.00801212
0.00347971
0.00329722
0.00405192
0.00366978
0.00317515
0.00352275
0.00405192
0.00364927
0.00393604
0.00418808
0.00437706
0.00353569
0.00508318
0.0055512
0.00502792
0.00454511
0.00467074
0.00426717
0.00547504
0.00350937
0.00350937
0.00604507
0.00382944
0.00315078
0.00343929
0.00296225
0.00332894
0.00338699
0.00332895
0.00341448
0.0038362
0.00314457
0.00303204
0.00386635
0.00322034
0.00301884
0.00349386
0.00347422
0.00359041
0.00370077
0.00351145
0.00349762
0.00352601
0.00335474
0.00369901
0.00349699
0.00409139
0.00363876
0.00342354
0.00396959
0.00340741
0.00356868
0.00342354
0.00379429
0.00333042
0.00333408
0.00334708
0.00375062
0.0035523
0.00386174
0.00343144
0.00368853
0.00362568
0.00330736
0.00336503
0.00347624
0.00340541
0.00346007
0.003488
0.00307582
0.0034258
0.00371437
0.00350261
0.00358348
0.00330694
0.00342656
0.00428966
0.00604117
0.00401913
0.0050044
0.00487773
0.00512426
0.00438579
0.00346714
0.00512426
0.00413111
0.00482476
0.00348399
0.00474553
0.00506259
0.00478163
0.00423173
0.00572098
0.00478919
0.00516946
0.00391841
0.0035021
0.00451918
0.00487869
0.00417011
0.00384546
0.00450334
0.00339156
0.00487869
0.00565939
0.00342534
0.00400219
0.00357462
0.00405948
0.0033441
0.00317516
0.00392195
0.00384142
0.00327481
0.00364158
0.00381044
0.00353657
0.00318471
0.00346762
0.00323816
0.00389026
0.00360471
0.00339111
0.0037951
0.00381168
0.00361332
0.00340409
0.00445542
0.00335438
0.00328923
0.00336772
0.00329683
0.00335639
0.00335022
0.00321606
0.00459318
0.00338664
0.00361171
0.00366548
0.00349582
0.00385516
0.0031231
0.00344705
0.0031203
0.00326548
0.00373392
0.00372568
0.00335845
0.00395778
0.00342561
0.00343688
0.0035036
0.00310342
0.0036483
0.00318092
0.0036279
0.00340586
0.00303238
0.00305925
0.00339289
0.00364543
0.00338473
0.00359484
0.003292
0.00358324
0.0034299
0.00333632
0.00420602
0.00418689
0.004013
0.00418689
0.00375252
0.00354944
0.00410044
0.00316302
0.0045801
0.00673572
0.00441835
0.00456752
0.00334914
0.00415159
0.00438886
0.00441835
0.00381628
0.00693086
0.00330333
0.00427729
0.00440945
0.00377879
0.00318956
0.00312699
0.00335876
0.00416717
0.00348575
0.00396255
0.00340233
0.00382548
0.00455986
0.00335791
0.00459744
0.0074103
0.00374372
0.00334236
0.00356182
0.00320515
0.00324358
0.00337614
0.00337614
0.00332908
0.00336051
0.00334991
0.00342526
0.00342062
0.0035923
0.00366799
0.00349691
0.00372683
0.00699297
0.00325396
0.00483653
0.00336083
0.00378276
0.00371015
0.00451775
0.00360101
0.00538075
0.00417795
0.00395171
0.00418996
0.0037353
0.00336126
0.00421578
0.0040812
0.0036458
0.00362862
0.00338113
0.00343115
0.00365862
0.00331477
0.00329201
0.00456346
0.00409754
0.00393869
0.00369594
0.00424686
0.00541184
0.00371015
0.00451775
0.00395868
0.00446597
0.00329809
0.00349098
0.00319407
0.00324308
0.00535438
0.0106678
0.00377451
0.00419637
0.00331484
0.00450209
0.00378242
0.00345766
0.00388397
0.00398999
0.00325472
0.00469774
0.00427431
0.00377281
0.00389464
0.00419637
0.00330656
0.00383401
0.00390292
0.0032587
0.0031987
0.00342308
0.00427431
0.00379126
0.00316914
0.00343673
0.00345072
0.0038474
0.00336353
0.00326813
0.00352832
0.00372508
0.00302705
0.00340081
0.00309042
0.00341653
0.00364819
0.0035929
0.00360306
0.00307245
0.00411771
0.00330174
0.00307578
0.00326518
0.00356754
0.00322752
0.00369263
0.00357087
0.00350944
0.00361075
0.00297253
0.00419904
0.00339199
0.00374079
0.00991518
0.00466755
0.00578279
0.00422875
0.00446668
0.00359171
0.00308243
0.00461525
0.00304163
0.00314623
0.00344535
0.00373131
0.00307893
0.00347538
0.00310789
0.00327383
0.00379195
0.00393221
0.00367279
0.00391323
0.00339729
0.00727691
0.00497502
0.00376175
0.00414103
0.00328469
0.00406837
0.00406837
0.00335803
0.00497502
0.0037776
0.00446438
0.00404464
0.00389371
0.00402695
0.00423647
0.00416314
0.00408408
0.00371172
0.00378478
0.00402052
0.00376455
0.00360665
0.00315551
0.00386524
0.00371347
0.00367451
0.00335261
0.00325024
0.00372395
0.00330899
0.00348627
0.00356064
0.00382162
0.00374688
0.00371372
0.0036322
0.00353431
0.00345692
0.0036197
0.00384624
0.0036322
0.0035913
0.0035913
0.0104155
0.00360532
0.00317803
0.0033127
0.00363569
0.00378909
0.00324059
0.00384791
0.00357203
0.00332763
0.00320187
0.00317708
0.0031999
0.0032692
0.00381418
0.003692
0.00345881
0.00368365
0.00313946
0.00322144
0.00314013
0.00333644
0.00356247
0.00309927
0.00328819
0.00405579
0.00320655
0.00316419
0.00307263
0.00552192
0.00464451
0.00440916
0.00464451
0.00462032
0.00502314
0.00502314
0.0034903
0.00550574
0.00592928
0.00454392
0.00464743
0.00468594
0.00508811
0.00539085
0.00430749
0.00533956
0.00502314
0.00552192
0.00454945
0.00513615
0.00506111
0.00493289
0.00506228
0.00539085
0.00464451
0.00436532
0.00475566
0.0049329
0.00502228
0.00516768
0.00346068
0.00387691
0.00975664
0.00516768
0.00625882
0.00389255
0.00424242
0.0038245
0.00428453
0.0037885
0.00420811
0.00425642
0.00408272
0.00426393
0.00398704
0.00432945
0.00407853
0.00396852
0.00424002
0.00392954
0.00412472
0.00398704
0.00396852
0.00424002
0.00392954
0.00406562
0.00379282
0.00412642
0.00424002
0.00564942
0.00438651
0.00564942
0.00371382
0.00585139
0.0039694
0.00387566
0.00355546
0.00432729
0.00400446
0.00326366
0.00562522
0.00322859
0.00345988
0.00329502
0.00426222
0.00315468
0.00360346
0.00325442
0.00388147
0.00379063
0.00328123
0.00352895
0.00351
0.00330659
0.00326607
0.00393204
0.00318751
0.00353579
0.00337422
0.00362618
0.00327477
0.00362907
0.00454529
0.00352033
0.00363375
0.00355406
0.0032013
0.00319854
0.00388864
0.00326419
0.00371638
0.00303536
0.00318095
0.00400989
0.0040485
0.00315716
0.00446585
0.00349667
0.00391526
0.00354119
0.0038094
0.00359522
0.0038094
0.0038094
0.0038094
0.0038094
0.0038094
0.00385746
0.0038094
0.00400989
0.0040485
0.00315716
0.00446585
0.00349667
0.00391526
0.00354119
0.0038094
0.00359522
0.0038094
0.0038094
0.0038094
0.00380557
0.00315071
0.00319963
0.00337152
0.00314853
0.00334958
0.00355728
0.00376381
0.00321018
0.00360802
0.00654535
0.00429115
0.00349669
0.00393096
0.00362907
0.00333256
0.00326525
0.00383305
0.00429118
0.00335856
0.00348057
0.00392444
0.00315928
0.00370455
0.00370462
0.00429115
0.00354021
0.0040333
0.00347611
0.00429115
0.00366186
0.0034833
0.00402183
0.00346393
0.00363316
0.00417773
0.00343359
0.00345872
0.0043428
0.00356186
0.00331079
0.00321247
0.0036958
0.00346791
0.00358231
0.00374203
0.00342642
0.0043428
0.00422758
0.00407443
0.00365281
0.00447012
0.00393637
0.00321681
0.0032305
0.00334781
0.00366186
0.00392661
0.00311921
0.00388932
0.00378841
0.00456329
0.00361236
0.00331435
0.00354821
0.00452999
0.00419081
0.00402834
0.00363329
0.00399285
0.00331486
0.00336524
0.00358237
0.00383059
0.00363623
0.00383059
0.00321864
0.00368227
0.00386789
0.00381426
0.00406103
0.00365088
0.00337937
0.00341167
0.00350861
0.00340636
0.00399285
0.00368227
0.00376122
0.00378586
0.00324069
0.00339018
0.00381426
0.00388555
0.00406103
0.00383059
0.00404051
0.00355557
0.00423721
0.00341543
0.00327972
0.00418338
0.00342451
0.00411916
0.00364899
0.00417689
0.0049279
0.00826691
0.00316806
0.00391501
0.00338692
0.00375936
0.00345144
0.00537608
0.00302208
0.00331056
0.00557955
0.00368678
0.00729826
0.00333638
0.00384645
0.00741874
0.00345527
0.00338651
0.00332128
0.00333483
0.00321562
0.00333349
0.00328647
0.00333349
0.00311706
0.00318249
0.00348786
0.00300961
0.00318034
0.00344568
0.00394536
0.00380366
0.00456352
0.00371807
0.00360728
0.00412402
0.00362865
0.00429211
0.00381586
0.0036611
0.00352237
0.00364683
0.00436366
0.00340077
0.00373437
0.00443707
0.00358396
0.00379177
0.00378338
0.00322329
0.0032716
