0.00222298
0.00221192
0.00244344
0.00217381
0.0031389
0.00241086
0.00204776
0.00205001
0.00259172
0.00202423
0.00225649
0.00208781
0.00211591
0.00214366
0.0021371
0.00213439
0.00220679
0.00232227
0.00226802
0.00215177
0.00216404
0.0021739
0.00214463
0.00227846
0.00222018
0.00207389
0.0022795
0.00223928
0.00217361
0.00226719
0.00216774
0.00216183
0.00207084
0.00213497
0.00211735
0.00212726
0.00209951
0.00196267
0.00193165
0.00226796
0.00199549
0.00208003
0.00202551
0.00200666
0.00197568
0.00207897
0.00214433
0.00201654
0.00211222
0.00203187
0.00196899
0.00202748
0.00208759
0.00202548
0.00187833
0.00190553
0.00205896
0.00227456
0.00214434
0.00200187
0.00194895
0.00212739
0.0019386
0.0020215
0.00209113
0.00216374
0.00231412
0.00205507
0.00207907
0.00214045
0.00225679
0.00215293
0.00268935
0.00222415
0.00206799
0.00209935
0.00218046
0.00331234
0.00195172
0.00246333
0.0019906
0.00221125
0.00200835
0.00203048
0.00212002
0.00186742
0.00191766
0.00249689
0.00209389
0.00246473
0.00225512
0.00261094
0.00237624
0.00230767
0.00217129
0.00261094
0.00220423
0.00213562
0.00244814
0.00231114
0.00230374
0.00231251
0.002239
0.00212451
0.00222935
0.00228349
0.00211196
0.00209219
0.00202839
0.00220648
0.00207668
0.00215023
0.0023798
0.00198699
0.00232186
0.00212972
0.00211785
0.00221021
0.0020697
0.00226457
0.00209141
0.00197914
0.00216459
0.00221038
0.00209509
0.00264291
0.00202756
0.00215934
0.00216359
0.00214094
0.00210899
0.00201337
0.00208468
0.00197579
0.00201735
0.00217841
0.00199662
0.00202949
0.00199647
0.00215204
0.00232158
0.00219753
0.00231047
0.00308841
0.00251719
0.0020408
0.00206498
0.00225133
0.00202872
0.0020617
0.00218139
0.00213924
0.00208505
0.00204046
0.00204094
0.00224024
0.00214574
0.00211417
0.00211417
0.0022705
0.00224589
0.00198024
0.00196732
0.00197868
0.0022189
0.00213106
0.00216049
0.00249618
0.00203358
0.00238351
0.0020964
0.00224679
0.0021918
0.00247366
0.002059
0.00221466
0.0023059
0.00194656
0.0020589
0.00234377
0.00209542
0.00209776
0.00251615
0.00200526
0.00220168
0.00219173
0.00235885
0.00207527
0.00192588
0.00215904
0.00204817
0.00260465
0.00197902
0.00229365
0.00194111
0.00211834
0.0023988
0.0021278
0.00211237
0.00228589
0.00196288
0.00204608
0.00249119
0.0022766
0.00220767
0.00212197
0.00215896
0.00206492
0.00221699
0.00213424
0.00212407
0.00242199
0.00233292
0.00221646
0.00216415
0.0023044
0.00199157
0.00213569
0.00220836
0.00213842
0.00241093
0.002158
0.0025104
0.00230583
0.00238321
0.00218178
0.00259068
0.00228783
0.00255445
0.00209942
0.00202707
0.00216362
0.00232637
0.00202679
0.00216819
0.00221221
0.00209321
0.0020295
0.0020138
0.00214069
0.00222874
0.00203326
0.00195857
0.00193286
0.00192626
0.00193286
0.00192626
0.00211133
0.00205373
0.00214481
0.00228988
0.00196935
0.00211133
0.0019851
0.00217343
0.00214561
0.0020781
0.00192517
0.00189829
0.00206631
0.00196876
0.00240698
0.00217366
0.00227043
0.00237489
0.00207056
0.00214329
0.00209416
0.00216914
0.00229231
0.00214283
0.0022679
0.00200964
0.00243231
0.00219969
0.00204322
0.00209856
0.00211361
0.0021024
0.00208708
0.00211361
0.00214649
0.00211328
0.00203945
0.00214512
0.00207529
0.00223806
0.00219321
0.0021403
0.00213571
0.00228307
0.0020784
0.00205672
0.00251706
0.00226473
0.00219029
0.00218085
0.00211013
0.00215277
0.00222573
0.00216054
0.00206999
0.00209166
0.00233234
0.00225635
0.00220167
0.00210991
0.00237717
0.0020955
0.00307279
0.00202689
0.00199832
0.00227696
0.00220693
0.0019674
0.00202512
0.00227696
0.00207243
0.00222504
0.00240299
0.00225776
0.00208226
0.00239258
0.00290413
0.0026991
0.00246104
0.00242789
0.00219811
0.00270758
0.00226087
0.00226087
0.00312514
0.0023299
0.0020435
0.00228269
0.00194324
0.00200634
0.00221667
0.0020824
0.00211065
0.00231563
0.00208737
0.0018206
0.0023156
0.0019889
0.00190716
0.00219511
0.00209325
0.00204484
0.00214021
0.00217213
0.00199936
0.00209081
0.00191647
0.00217158
0.00204098
0.00212354
0.00207837
0.00202038
0.00213696
0.00203964
0.00203623
0.00202038
0.00213696
0.00196078
0.00222321
0.00208353
0.00211381
0.00210887
0.002125
0.00222245
0.00212062
0.00219574
0.00215235
0.00207144
0.00203381
0.00212473
0.00217428
0.00223175
0.00210749
0.00218133
0.00224091
0.00207501
0.00228114
0.0019026
0.00215454
0.00253534
0.00292883
0.00247109
0.00239881
0.00246762
0.00243871
0.00240273
0.00195497
0.00243871
0.0025703
0.00244512
0.00207254
0.00244197
0.00254171
0.00241727
0.00216929
0.00272682
0.00234136
0.00249113
0.00225253
0.00213999
0.00223149
0.00246965
0.0021932
0.00212701
0.00255317
0.00211569
0.00246965
0.00296597
0.00207976
0.00205365
0.0023025
0.00218864
0.00202193
0.00200688
0.00218699
0.00240103
0.00209775
0.00208375
0.00216501
0.00217181
0.00196987
0.00208232
0.00199491
0.00205396
0.00233395
0.00205989
0.00229273
0.00216145
0.00216013
0.00203592
0.00230904
0.0019475
0.00211394
0.00208027
0.00203267
0.00211891
0.00201599
0.00205913
0.00263074
0.00205992
0.00222669
0.00205612
0.00204103
0.00216106
0.00197379
0.00201073
0.00190403
0.00190014
0.00214876
0.00215841
0.00205291
0.0020427
0.00202302
0.00199498
0.00196924
0.00185136
0.00207819
0.00187534
0.00201929
0.00197936
0.00199355
0.00192258
0.00189673
0.00195623
0.00194583
0.00212474
0.0019282
0.00196745
0.00201136
0.00199754
0.00215941
0.00211091
0.00218382
0.00211091
0.00205882
0.002105
0.00212531
0.00199884
0.00233958
0.00338109
0.00246758
0.00245291
0.00204255
0.00223633
0.00229881
0.00246758
0.00222161
0.00315622
0.00206759
0.00217019
0.00233369
0.00207557
0.00199141
0.00201835
0.00199819
0.00226322
0.00206183
0.00211104
0.00205036
0.00224952
0.00216722
0.0019878
0.00240525
0.00407744
0.00213225
0.00196984
0.00204262
0.00195134
0.00192566
0.00197557
0.00197557
0.00190835
0.00194293
0.00199547
0.00198468
0.00199592
0.00217417
0.0021386
0.0021224
0.00216454
0.00366277
0.00197398
0.00238702
0.0020148
0.00211783
0.00219501
0.00231197
0.00217316
0.00274437
0.00211841
0.0021624
0.00250168
0.00221922
0.0019797
0.00226354
0.00233575
0.00208177
0.00210226
0.00203324
0.00193066
0.00205305
0.00193511
0.00200501
0.00240626
0.00228969
0.00203508
0.00198048
0.00249828
0.00330959
0.00219501
0.00231197
0.00224962
0.00206856
0.00208317
0.00200647
0.00199001
0.00195141
0.00206484
0.00364337
0.00234692
0.00232821
0.00207006
0.00213962
0.0023538
0.00211037
0.00223019
0.00235584
0.00201288
0.0021898
0.00240466
0.00203409
0.00216936
0.00232821
0.00210295
0.00229269
0.0024095
0.00203433
0.00201334
0.00209833
0.00240466
0.00202433
0.00197185
0.00196918
0.00205649
0.00208152
0.00203677
0.00201391
0.00216641
0.00206947
0.00187632
0.0020464
0.00196489
0.00197261
0.00211878
0.00211669
0.00202793
0.00183902
0.00211729
0.00192519
0.0019441
0.00201085
0.00208179
0.0020311
0.00216427
0.0023418
0.00208978
0.00203263
0.00185199
0.00231144
0.00207617
0.00213163
0.00414273
0.00253269
0.00329008
0.00232813
0.00230445
0.00205867
0.0019222
0.00224103
0.00190418
0.00206703
0.00211291
0.00216771
0.0019508
0.00202101
0.00193164
0.00195486
0.00238103
0.002194
0.00211764
0.00231985
0.0021261
0.00322673
0.00250613
0.00217704
0.00199829
0.00199736
0.00199829
0.00199829
0.00193621
0.00250613
0.00217072
0.00233688
0.0022119
0.00209347
0.00215596
0.00244223
0.00224035
0.00230991
0.00208919
0.00211612
0.00226739
0.00213693
0.0020944
0.00197593
0.00209347
0.00207078
0.0020762
0.00207543
0.00197437
0.00197024
0.00205018
0.00205113
0.00207517
0.00212961
0.00220606
0.00204454
0.00205599
0.00201142
0.00204474
0.00216608
0.00209973
0.00210278
0.00204967
0.00205686
0.00399708
0.00219201
0.00201769
0.0021318
0.00221669
0.00219592
0.00205902
0.0021523
0.00214142
0.00206513
0.0020408
0.00200814
0.00198526
0.00207605
0.00217994
0.00210149
0.00206207
0.00211674
0.00204047
0.00208015
0.00209845
0.00202288
0.00219206
0.00198108
0.00205517
0.00218848
0.00203087
0.00202321
0.00202211
0.0024648
0.00240177
0.00241999
0.00237908
0.00249549
0.00241071
0.00241071
0.00209033
0.0025726
0.00264763
0.00241116
0.00255857
0.00255554
0.00251826
0.00252566
0.0023393
0.00269158
0.00241071
0.0024648
0.00250297
0.00268763
0.00241071
0.00237316
0.00242196
0.00252566
0.00237908
0.00238342
0.00240354
0.00237316
0.00258286
0.00240833
0.00199095
0.00229194
0.00409327
0.00240833
0.00319175
0.00224025
0.00228077
0.00224741
0.00228077
0.00226002
0.00247482
0.00224383
0.00227915
0.00229492
0.00226493
0.00239955
0.002194
0.00232959
0.00229834
0.00227097
0.00240367
0.00226493
0.00232959
0.00229834
0.00227097
0.00215885
0.00224788
0.00226002
0.00232633
0.00300285
0.00229327
0.00300285
0.00205676
0.00270794
0.00220195
0.00229134
0.00202811
0.00239878
0.00225871
0.00210437
0.00258005
0.00203678
0.00204697
0.00208413
0.00228764
0.0020089
0.00223226
0.00212036
0.00212422
0.00218478
0.0019836
0.00213813
0.00210432
0.00202077
0.00206924
0.00239755
0.00204248
0.00220121
0.00209875
0.00211977
0.00201373
0.00225509
0.0024349
0.00200453
0.00217875
0.00214929
0.00200526
0.0020361
0.00209267
0.00202373
0.00221403
0.00196165
0.0020217
0.00233558
0.00202097
0.00199697
0.00246322
0.00205236
0.00216475
0.00207049
0.00218348
0.00214291
0.00218348
0.00218348
0.00218348
0.00218348
0.00218348
0.002245
0.00218348
0.00233558
0.00202097
0.00199697
0.00246322
0.00205236
0.00216475
0.00207049
0.00218348
0.00214291
0.00218348
0.00218348
0.00218348
0.00214664
0.00200874
0.002003
0.0020333
0.00201987
0.00211329
0.00214447
0.00217853
0.00208902
0.00212476
0.00345759
0.0023642
0.00206076
0.00226586
0.00214991
0.002045
0.0020426
0.00218361
0.00236422
0.00207383
0.00216788
0.00235942
0.0020453
0.00206921
0.00211003
0.0023642
0.00204432
0.0022999
0.00208411
0.0023642
0.00214922
0.00217814
0.00217901
0.00210716
0.0021339
0.00216462
0.00196678
0.00210276
0.00243041
0.00197747
0.00205385
0.00197487
0.00200243
0.00205903
0.00215031
0.0019519
0.00200648
0.00243041
0.00221225
0.00203828
0.00203182
0.00240601
0.00214762
0.0019021
0.00191746
0.00201667
0.00214224
0.0021414
0.00185839
0.00221014
0.00186676
0.00230347
0.00213031
0.00188526
0.0021562
0.00209289
0.00237517
0.00223122
0.00212519
0.00224185
0.00209665
0.0021014
0.00208748
0.00224843
0.00212673
0.00224843
0.00201059
0.00219339
0.00213391
0.00210154
0.00220508
0.00218714
0.0020077
0.00202316
0.00222684
0.00212237
0.00224185
0.00219339
0.00223765
0.00220779
0.00208091
0.00201624
0.00210154
0.00220223
0.00220508
0.00224843
0.00213948
0.00205917
0.00223906
0.00207235
0.00201201
0.00214224
0.00206382
0.00219375
0.00213982
0.00219283
0.00288079
0.00379005
0.00202298
0.00207227
0.0020978
0.00210046
0.00199656
0.00306786
0.0018982
0.00207871
0.00276873
0.00204641
0.00330252
0.00186294
0.00208454
0.00283479
0.00197455
0.00205899
0.00189866
0.00205062
0.00188234
0.0020809
0.00199413
0.0020809
0.00193625
0.00199602
0.00208699
0.00185322
0.0019766
0.00208418
0.00225519
0.00205593
0.00237249
0.00215507
0.0022094
0.00217351
0.00225866
0.0022577
0.00213666
0.00212132
0.00211811
0.00204664
0.00231762
0.0020719
0.00232094
0.00223649
0.00234837
0.00229109
0.00214138
0.00194389
0.00199299
