0.00274361
0.0027148
0.00297346
0.00267123
0.00399267
0.00295045
0.00253586
0.00253214
0.00314255
0.00256887
0.00281409
0.0025628
0.00264312
0.00268922
0.00265048
0.00264636
0.00271797
0.00283782
0.00279931
0.00265397
0.0026896
0.00271124
0.0026623
0.00280939
0.00273467
0.00256553
0.0027732
0.00275102
0.00270228
0.00282919
0.00266898
0.00266148
0.00257392
0.00260069
0.00263763
0.00262815
0.00259668
0.0024446
0.00241448
0.00286335
0.00246635
0.00255564
0.00250443
0.002498
0.00240433
0.00259596
0.00264799
0.00251829
0.00263251
0.00251457
0.00245584
0.00260024
0.00259774
0.00254474
0.00231555
0.00235388
0.00255852
0.00280917
0.00271633
0.00248757
0.002428
0.00266022
0.0023943
0.00252182
0.00267931
0.00264616
0.00296861
0.00254177
0.00254749
0.00263853
0.00274755
0.00258948
0.00324236
0.00271779
0.00250012
0.00256949
0.00265053
0.00401211
0.00242551
0.00279524
0.00247157
0.00276889
0.00250428
0.00251566
0.00260783
0.00232217
0.00237107
0.00322371
0.00260024
0.00300251
0.00266339
0.00310353
0.00278479
0.00266626
0.00249517
0.00310353
0.00275126
0.00264541
0.00305139
0.0027647
0.00285915
0.00284858
0.0027596
0.00260373
0.00274981
0.00284783
0.00261512
0.00260173
0.00250772
0.00272068
0.00253046
0.00261584
0.00290414
0.00245569
0.00287244
0.00264524
0.00258917
0.00277033
0.00256555
0.0028584
0.00256591
0.00244657
0.00266985
0.00271705
0.00268352
0.00316325
0.00250579
0.00269797
0.00266723
0.00268228
0.0027245
0.00243573
0.00256802
0.00241961
0.0024678
0.00263532
0.00243675
0.00249312
0.0024391
0.00260455
0.00274905
0.00265027
0.00278666
0.00383967
0.00295765
0.0025201
0.00254568
0.00277485
0.00252391
0.00255302
0.0026875
0.00263794
0.00257602
0.00251944
0.00246819
0.00271576
0.0026594
0.00259388
0.00259388
0.00276632
0.0027188
0.00244711
0.00239511
0.00241111
0.00273886
0.00259277
0.00265325
0.00313596
0.00251741
0.00292517
0.00261315
0.00274197
0.0027229
0.0031124
0.00258088
0.00274209
0.00277873
0.0023758
0.0025819
0.00288475
0.00258305
0.00253123
0.00314972
0.00247452
0.00275723
0.00274551
0.00291988
0.002582
0.00238442
0.00264623
0.00246505
0.00311948
0.00245523
0.00273688
0.00240097
0.00264152
0.0029914
0.00261527
0.00259924
0.00283224
0.00243467
0.00261537
0.00296882
0.002794
0.00272328
0.0026306
0.00267247
0.00253659
0.00271761
0.00264502
0.00260359
0.0029775
0.00287456
0.00291935
0.00268625
0.0028702
0.002468
0.00263486
0.00266745
0.00259995
0.00304421
0.00267401
0.00303337
0.00280566
0.0028256
0.00256559
0.00320389
0.0027192
0.00304709
0.00256355
0.00251821
0.00257224
0.00279188
0.00248142
0.00268734
0.00272266
0.00256844
0.0025085
0.00249335
0.0026182
0.00276455
0.00253049
0.00241998
0.00239516
0.0023577
0.00239516
0.0023577
0.00258881
0.00248373
0.00264698
0.00268791
0.00245005
0.00258881
0.00247285
0.00267924
0.00266036
0.00263524
0.00237671
0.00235223
0.00251395
0.00238447
0.00293459
0.00266294
0.00267585
0.00285901
0.0025547
0.0026218
0.00253741
0.00270315
0.0027574
0.00262525
0.00270642
0.00245964
0.00299606
0.00266034
0.0025379
0.00259824
0.0025781
0.00257845
0.00259319
0.0025781
0.00258823
0.00259106
0.00250589
0.00270511
0.00255772
0.00271928
0.00267271
0.00259687
0.00261659
0.00280006
0.00256087
0.00255216
0.0030909
0.00270664
0.00266129
0.00264588
0.00252037
0.00260316
0.00277621
0.00262796
0.00253448
0.00252357
0.00291622
0.00273005
0.00267935
0.00264753
0.00295646
0.00267641
0.00383284
0.00259079
0.00247033
0.00281187
0.00271421
0.00243028
0.00243718
0.00281187
0.0025755
0.00262271
0.00297169
0.00277345
0.00257351
0.00291639
0.00356089
0.00311637
0.00307616
0.00292211
0.00271256
0.00323879
0.00281588
0.00281588
0.00379816
0.00288608
0.00257042
0.00282368
0.00240376
0.00247185
0.00274682
0.00257701
0.00246355
0.00282109
0.00259661
0.00226193
0.00281172
0.00246491
0.00237269
0.00276066
0.00258387
0.00251255
0.00272687
0.00262504
0.00250893
0.00256415
0.00236494
0.00266758
0.00251819
0.00262263
0.00256051
0.00249781
0.00262966
0.00251585
0.00251832
0.00249781
0.00262966
0.00242491
0.00275064
0.00259323
0.00261489
0.00260622
0.00263487
0.00273774
0.00264216
0.00270575
0.00267813
0.00257103
0.00258031
0.00264051
0.0027035
0.00285856
0.00253119
0.00271261
0.00276931
0.00257443
0.00282903
0.0023543
0.00266766
0.0031246
0.00343797
0.00308624
0.00298782
0.00304036
0.00300652
0.00295659
0.00238
0.00300652
0.00303117
0.00301386
0.00252406
0.00299142
0.00305516
0.0030188
0.00268329
0.00336423
0.00289043
0.00302095
0.00278
0.00274068
0.0027542
0.00304256
0.00270442
0.00263217
0.00321332
0.00258994
0.00304256
0.00342457
0.00261808
0.00255112
0.00277169
0.00269221
0.00248366
0.00246465
0.00267477
0.00287251
0.00261955
0.00264072
0.00252836
0.00264719
0.00244125
0.00264083
0.00248999
0.00250059
0.00277641
0.00251613
0.00283193
0.00260866
0.00261029
0.00251818
0.00282913
0.00240304
0.0026463
0.00255262
0.00245357
0.00263349
0.00249286
0.00270273
0.003123
0.0025221
0.00275232
0.00254642
0.00253594
0.00266469
0.00241806
0.00248685
0.0023262
0.00232406
0.00267287
0.00267196
0.00255833
0.00253891
0.00250121
0.00247446
0.00244535
0.0022738
0.00258142
0.00230651
0.00252609
0.00243285
0.00251766
0.00237631
0.00234507
0.00243996
0.00241869
0.00270119
0.00239464
0.00243999
0.00248815
0.00247396
0.00267457
0.00262207
0.00268612
0.00262207
0.00255617
0.00280761
0.00266865
0.00250063
0.00285957
0.00387263
0.00304215
0.00302735
0.00248339
0.00273232
0.0029323
0.00304215
0.00275423
0.00384295
0.00256823
0.00267854
0.00287218
0.00256336
0.00246014
0.00249815
0.00246556
0.00268581
0.0025285
0.00265
0.00253463
0.0027824
0.00267986
0.00245915
0.00299663
0.00487854
0.0026513
0.00248551
0.0025534
0.00242493
0.0024
0.00246206
0.00246206
0.00237304
0.00242162
0.00249869
0.00244476
0.00248644
0.00262762
0.00264895
0.00261015
0.0026664
0.00468352
0.0024652
0.00299238
0.00252433
0.0025997
0.00276655
0.0028919
0.00268707
0.00341555
0.00264262
0.00265243
0.00293249
0.00268215
0.00245065
0.00275178
0.00284442
0.00257993
0.00261309
0.00255592
0.00241824
0.00253191
0.00237583
0.00250539
0.00297556
0.00288109
0.00249375
0.00246481
0.00302934
0.0039851
0.00276655
0.0028919
0.00277954
0.00261057
0.00259108
0.00258256
0.00247615
0.0023946
0.00261228
0.00439808
0.00289301
0.00287227
0.00252774
0.00263258
0.00290445
0.00263245
0.00279595
0.00290696
0.00249138
0.00266552
0.00295968
0.00253437
0.00268088
0.00287227
0.00260457
0.00284855
0.00297015
0.00246529
0.00255704
0.00260602
0.00295968
0.00257351
0.00247484
0.00241964
0.00255459
0.00258578
0.00251383
0.00249816
0.00256513
0.00258815
0.00231319
0.00256112
0.00245026
0.00243282
0.00262641
0.00262484
0.00246854
0.0022515
0.00257221
0.00243798
0.00240516
0.00248833
0.00264967
0.00251014
0.00269197
0.00273236
0.00254652
0.00248988
0.00227071
0.00290297
0.00257055
0.00263653
0.00480317
0.00309911
0.00433387
0.00285292
0.00282612
0.00256341
0.00236672
0.0027334
0.00237664
0.00254494
0.00259494
0.00264079
0.00242334
0.00253998
0.0024192
0.00242539
0.00310427
0.00268522
0.00260682
0.00276074
0.00262953
0.00370967
0.00303865
0.00266712
0.00253359
0.00246452
0.0025119
0.0025119
0.00239169
0.00303865
0.00264101
0.00287171
0.00272512
0.00256081
0.00263278
0.00302036
0.00275483
0.00284436
0.00258459
0.00267489
0.00277959
0.0026586
0.00257624
0.00242217
0.00265804
0.00257515
0.00256545
0.00257975
0.00244538
0.00241194
0.0025234
0.00257592
0.0025673
0.00262552
0.00270736
0.00252445
0.00253658
0.00251934
0.00253516
0.002698
0.00259421
0.00259256
0.00252813
0.00243786
0.0050617
0.00260819
0.00248899
0.00260952
0.00277745
0.00272665
0.00252677
0.00268445
0.00257485
0.00257509
0.00251566
0.00246972
0.00242638
0.00255574
0.0027716
0.00258189
0.00252473
0.00259696
0.00252239
0.0025757
0.00261494
0.00253532
0.00265547
0.00244235
0.00255975
0.00273033
0.00251004
0.0024919
0.00248974
0.00303988
0.00305382
0.00299439
0.0029302
0.00309557
0.00296426
0.00296426
0.00258256
0.00311562
0.00328416
0.00306393
0.00302186
0.00313567
0.00309866
0.0031126
0.00288314
0.00330623
0.00296426
0.00303988
0.00321533
0.00330123
0.00296426
0.00293018
0.00298823
0.0031126
0.0029302
0.00295197
0.00298686
0.00293018
0.00318832
0.00307125
0.00241654
0.00279033
0.00452471
0.00307125
0.00360417
0.00272749
0.00274412
0.00275475
0.00274412
0.002691
0.00303435
0.00270389
0.00277533
0.00276991
0.00268507
0.00286984
0.00266748
0.00258638
0.00278
0.00269029
0.00280441
0.00268507
0.00258638
0.00278
0.00269029
0.00258257
0.00268599
0.00265341
0.00278488
0.00367887
0.00284693
0.00367887
0.00254305
0.00333982
0.0026507
0.00292936
0.00242813
0.0028644
0.00271381
0.00251942
0.00309413
0.00251016
0.00258963
0.00255829
0.00281511
0.00248412
0.0027821
0.00260862
0.00266163
0.00266803
0.00240036
0.00260882
0.0025922
0.00246192
0.00254283
0.0029048
0.00252157
0.00264594
0.00262057
0.00267322
0.00250847
0.00271662
0.00292878
0.00247194
0.00273973
0.00269915
0.00245684
0.00251917
0.00261507
0.00249197
0.00278226
0.00241821
0.00246087
0.00275662
0.00247955
0.00249156
0.00278876
0.00251873
0.00266972
0.00249432
0.00254817
0.00251283
0.00254817
0.00254817
0.00254817
0.00254817
0.00254817
0.00261542
0.00254817
0.00275662
0.00247955
0.00249156
0.00278876
0.00251873
0.00266972
0.00249432
0.00254817
0.00251283
0.00254817
0.00254817
0.00254817
0.00265234
0.00245533
0.0024806
0.00247763
0.00247839
0.00248892
0.00263339
0.00276567
0.00254622
0.00264099
0.0040485
0.00291571
0.00252109
0.0028349
0.00261248
0.00251043
0.0025197
0.00279764
0.00291572
0.00255213
0.00265314
0.00293935
0.00252047
0.00265963
0.00260874
0.00291571
0.00254154
0.00283077
0.00256009
0.00291571
0.00261419
0.00271097
0.00263825
0.00258994
0.00263308
0.00270756
0.00254054
0.00261083
0.00299374
0.00263543
0.00258649
0.00248401
0.00251548
0.00260784
0.00266662
0.00245519
0.00251527
0.00299374
0.00274192
0.00255443
0.00251098
0.0030115
0.00267437
0.00237887
0.00241965
0.00260495
0.002771
0.00278959
0.00228539
0.00277842
0.00234947
0.00279274
0.00264011
0.00237127
0.00272513
0.00260866
0.00292117
0.00274483
0.00262946
0.00276076
0.0026012
0.00262805
0.00257025
0.00276988
0.00263597
0.00276988
0.00245881
0.00270646
0.00265096
0.00258714
0.0027168
0.00271974
0.0025431
0.00250878
0.00276212
0.0026225
0.00276076
0.00270646
0.00277516
0.00271287
0.00258073
0.00248582
0.00258714
0.00271152
0.0027168
0.00276988
0.00264586
0.00259573
0.00267677
0.00262926
0.00253085
0.00273983
0.00255229
0.00269171
0.00265218
0.00275894
0.00343993
0.00490011
0.00251766
0.00256572
0.00266517
0.00260223
0.00247462
0.00387386
0.0023412
0.00263715
0.00350635
0.00262971
0.00382124
0.0023394
0.00257419
0.00351281
0.0025922
0.00253117
0.00236755
0.00253117
0.00233592
0.00255537
0.00245501
0.00255537
0.00240509
0.00247805
0.00257754
0.00230892
0.00242927
0.00258115
0.00273073
0.00254915
0.00297858
0.00270199
0.00274032
0.00275631
0.0028135
0.00281617
0.0026692
0.00262572
0.00262455
0.0025564
0.00288578
0.00257524
0.0028979
0.00284593
0.00289226
0.00284288
0.00266297
0.00240976
0.00246999
