0.00287388
0.00275118
0.00295465
0.00273561
0.00436774
0.00296609
0.00274446
0.00261534
0.00333228
0.00260182
0.0029765
0.00266328
0.00268055
0.00272584
0.00270506
0.0026648
0.00278589
0.00287131
0.00277996
0.00281487
0.00275312
0.00278944
0.0027522
0.00281973
0.00280896
0.00264298
0.00287116
0.00281433
0.00278131
0.0029701
0.00277083
0.00275653
0.00270592
0.00271872
0.00269857
0.00270312
0.00265477
0.00261789
0.00250077
0.00284879
0.00256412
0.00269164
0.00268635
0.00256447
0.00255616
0.00263379
0.00269802
0.00265094
0.00258634
0.00263099
0.00252036
0.00251073
0.00263849
0.00268485
0.00245068
0.00246774
0.00261158
0.00285472
0.00273243
0.0026191
0.00254963
0.00272382
0.00250233
0.00254208
0.00273069
0.002708
0.00299637
0.00266829
0.00248249
0.00268866
0.00274031
0.00258959
0.00375365
0.00273835
0.00254427
0.00254011
0.00268852
0.00382865
0.0025306
0.0030115
0.00254003
0.00278549
0.00263256
0.00262836
0.00266415
0.00243836
0.00242351
0.00317574
0.00263215
0.00294547
0.00260229
0.00296381
0.00273461
0.00272522
0.0025807
0.00296381
0.00273381
0.00264768
0.0029365
0.00282679
0.00284697
0.00279698
0.00269381
0.00265601
0.00267959
0.00276271
0.00255987
0.00256073
0.00264837
0.00266212
0.00264109
0.00276319
0.00272864
0.00252243
0.00287891
0.00269597
0.00260814
0.00273049
0.00262301
0.00283061
0.00269699
0.00250274
0.00273392
0.00280784
0.00264702
0.00326208
0.00258745
0.00284574
0.00277038
0.00283134
0.00301367
0.00260654
0.00281752
0.00253411
0.00259625
0.00281749
0.00252361
0.0026571
0.00252328
0.00267507
0.00276021
0.00264764
0.0028205
0.00385606
0.00292059
0.00258766
0.00259167
0.002841
0.00256558
0.00264931
0.00275786
0.00272155
0.00264006
0.00256687
0.00256538
0.00279888
0.00279052
0.0027156
0.0027156
0.00279379
0.00287339
0.00250112
0.00254317
0.00255973
0.00280918
0.00270293
0.00275048
0.00313311
0.00250936
0.00273098
0.00253986
0.002768
0.00270265
0.00314146
0.00259452
0.00298862
0.00281436
0.00257001
0.00260465
0.00292129
0.00259566
0.00263952
0.00316464
0.00256314
0.00272233
0.0027201
0.00293969
0.00271995
0.00257592
0.00299793
0.00252829
0.00312546
0.00243778
0.00274279
0.00252154
0.00276919
0.00296053
0.00263542
0.002789
0.00274342
0.00253324
0.00254568
0.00308149
0.00284781
0.00280503
0.00279913
0.00265907
0.00262846
0.00296513
0.00276428
0.00267521
0.00290976
0.00298024
0.00279092
0.00280636
0.0029865
0.00250102
0.00266654
0.00291259
0.00266265
0.00305872
0.00269006
0.00289821
0.00277993
0.00288821
0.00270553
0.00310223
0.00289545
0.00302128
0.00266051
0.00259368
0.00261775
0.00277691
0.00256212
0.00267809
0.00273803
0.00264317
0.00258888
0.00259212
0.00263628
0.0026696
0.00255471
0.00251365
0.00247835
0.00250441
0.00247835
0.00250441
0.00263492
0.00267762
0.00267436
0.00300474
0.00266436
0.00263492
0.00259218
0.0027763
0.002821
0.00254752
0.00245296
0.00243333
0.00263146
0.00267588
0.00295647
0.00270845
0.00277555
0.00292966
0.00258315
0.00269885
0.00260498
0.00274958
0.00280062
0.00277603
0.00282831
0.00256873
0.00309405
0.00280926
0.00254507
0.00260127
0.00279821
0.00266351
0.00266395
0.00279821
0.00266643
0.00271511
0.00262479
0.00276725
0.00265112
0.00282467
0.00281537
0.00267552
0.00272402
0.00283959
0.00263959
0.00259596
0.00312075
0.00284389
0.00274428
0.00272415
0.0027172
0.0026841
0.00281412
0.00278177
0.00265476
0.00273059
0.00291663
0.0028001
0.00275856
0.00265118
0.00287956
0.00267443
0.0038756
0.00265548
0.00258863
0.00288852
0.00272198
0.00253847
0.00262476
0.00288852
0.00262146
0.00286401
0.00293808
0.00286424
0.00265731
0.00286494
0.00350553
0.0029841
0.00305682
0.00300736
0.00275278
0.00335013
0.00284282
0.00284282
0.00359332
0.00286785
0.0025748
0.00283718
0.0024145
0.00255469
0.00274303
0.00263717
0.00251216
0.00279831
0.00259365
0.00230165
0.00285773
0.0024722
0.00244724
0.00261449
0.00264217
0.00259336
0.00272419
0.00273354
0.00261617
0.00266143
0.00254762
0.00274738
0.00258925
0.002779
0.00267882
0.00257048
0.00275964
0.00260253
0.00259194
0.00257048
0.00275964
0.0025197
0.00260783
0.00252033
0.00260677
0.00252734
0.00269076
0.00262626
0.00266744
0.00267805
0.00256465
0.00256207
0.00251937
0.00277649
0.00259991
0.00265117
0.00246779
0.0026494
0.00264334
0.00261112
0.0026442
0.00245369
0.00260075
0.00290332
0.00361616
0.00317413
0.00307263
0.00316286
0.0031665
0.00282458
0.00254808
0.0031665
0.00326471
0.00313696
0.00265653
0.00298095
0.00311439
0.00300564
0.00277784
0.00353864
0.00304212
0.0031172
0.0029337
0.00300665
0.00291376
0.00316652
0.00280308
0.00275455
0.00317917
0.00270344
0.00316652
0.00350413
0.00262399
0.00265187
0.00294586
0.00283276
0.00264731
0.00256101
0.0028037
0.00300339
0.00270776
0.00270611
0.00259647
0.00276635
0.00254741
0.00253373
0.00264876
0.00257825
0.00289286
0.00275392
0.00282671
0.00276405
0.00274012
0.0027118
0.00271803
0.00253301
0.00274269
0.002664
0.00265052
0.00272273
0.00269228
0.00270955
0.00297313
0.00259842
0.00289187
0.00263284
0.0026413
0.00269408
0.00251716
0.00258461
0.0024573
0.00240796
0.00278542
0.0027335
0.00266407
0.00273002
0.00259531
0.00256494
0.0025264
0.00239934
0.00263307
0.00241647
0.0026916
0.00272863
0.00275244
0.00247871
0.00253557
0.00259984
0.00251916
0.00278745
0.0025253
0.0025578
0.00258373
0.00257608
0.0026697
0.00257333
0.00264236
0.00257333
0.00270942
0.0026342
0.00275887
0.00252318
0.0030029
0.00415513
0.00300508
0.0030598
0.00253025
0.00267948
0.00301172
0.00300508
0.00282307
0.00361895
0.00264074
0.00274072
0.00290159
0.00260258
0.00248708
0.00258151
0.00253932
0.00278987
0.0026661
0.0027213
0.00253341
0.00282448
0.00275178
0.00256854
0.00311246
0.00492809
0.00276369
0.00258698
0.00267129
0.00251416
0.0025084
0.00252519
0.00252519
0.00245972
0.0024692
0.00248642
0.00251072
0.00257245
0.00273142
0.00270641
0.00267087
0.00277132
0.00433461
0.00252719
0.00301504
0.00262646
0.00276867
0.0027355
0.00281644
0.00270262
0.00329238
0.00266374
0.00271723
0.00286541
0.00284229
0.0025793
0.00292811
0.00292483
0.00263187
0.00270011
0.00261799
0.00253623
0.00258579
0.00251768
0.002555
0.00320933
0.00311283
0.00293494
0.00265871
0.00311115
0.00406629
0.0027355
0.00281644
0.0028892
0.00252385
0.00267355
0.00256876
0.00254248
0.00254412
0.00258602
0.00421489
0.0029355
0.00292448
0.00261834
0.00272209
0.0029341
0.0027755
0.00290375
0.0029378
0.00258272
0.00276274
0.00305064
0.00266652
0.00275622
0.00292448
0.00272607
0.00295479
0.00303128
0.00258167
0.00269323
0.00271017
0.00305064
0.00258553
0.00253447
0.00252083
0.00260051
0.00268434
0.0026039
0.00257739
0.00273318
0.00274104
0.0024091
0.00254163
0.00253056
0.00260057
0.00277332
0.00269422
0.00265927
0.0023702
0.00262663
0.00239726
0.00247477
0.00256817
0.00274599
0.0025292
0.00278381
0.00289173
0.00273144
0.00259152
0.00238024
0.00295798
0.00265276
0.00271765
0.00542612
0.00302275
0.00379559
0.0028918
0.00279179
0.00263444
0.00245231
0.00281797
0.00248205
0.00266329
0.00264626
0.00268565
0.00249396
0.00256164
0.00246252
0.0025238
0.00294504
0.00270989
0.00256372
0.00274198
0.00269226
0.00359527
0.00292577
0.00262823
0.00247696
0.00248718
0.00247696
0.00247696
0.00242765
0.00292577
0.0026251
0.00287565
0.00271141
0.00254108
0.00262258
0.00309085
0.00274469
0.00277229
0.00254781
0.00264033
0.0027113
0.00274613
0.00272059
0.00249508
0.00258035
0.00252444
0.00261689
0.00262103
0.00249872
0.00242751
0.00251033
0.00259462
0.00259738
0.0026861
0.00283604
0.0026202
0.00263421
0.00256783
0.00260114
0.00274977
0.00271991
0.00268098
0.00261478
0.00274493
0.00457283
0.00284629
0.00262052
0.00272045
0.00275449
0.00260489
0.00270186
0.00271094
0.0028258
0.00265309
0.00262722
0.00258397
0.00248397
0.00266725
0.00269075
0.00261491
0.00246213
0.00268994
0.00262327
0.0027097
0.00271181
0.00260224
0.00271184
0.00257831
0.00263616
0.00281432
0.00260512
0.00259031
0.00258353
0.00309879
0.00318474
0.00307003
0.00298012
0.00313038
0.00304197
0.00304197
0.00262977
0.00320361
0.00328334
0.00303202
0.00321347
0.0031225
0.00316299
0.00316299
0.00293691
0.00331931
0.00304197
0.00309879
0.00315737
0.00327139
0.00312858
0.00297634
0.00304657
0.00316299
0.00298012
0.0030867
0.00318933
0.00297634
0.0031349
0.00299127
0.00249237
0.00278195
0.00466843
0.00299127
0.00349833
0.00274618
0.00285001
0.00277721
0.00285001
0.00279476
0.00297027
0.00293228
0.002854
0.00288118
0.00283426
0.00303562
0.00276248
0.00295054
0.00287037
0.00283217
0.00296299
0.00283426
0.00286425
0.00287037
0.00283217
0.00282152
0.00279605
0.00290055
0.00289967
0.00359135
0.00262859
0.00359135
0.0025049
0.00335866
0.00267543
0.00283828
0.00245555
0.00290857
0.00275839
0.00254218
0.0030982
0.00261059
0.00262941
0.00263089
0.00285866
0.00261612
0.00267734
0.00272278
0.00270827
0.00284221
0.00262274
0.00272072
0.00268644
0.00261301
0.00275398
0.00290399
0.00260835
0.0027842
0.00266158
0.00271985
0.0025994
0.00284999
0.00299836
0.00262417
0.00275726
0.00285827
0.00255467
0.00260411
0.00261466
0.00260143
0.00278985
0.00254142
0.00256987
0.00289025
0.0024622
0.00257352
0.00310188
0.00264666
0.00259368
0.00255607
0.00261901
0.00257176
0.00261901
0.00261901
0.00261901
0.00261901
0.00261901
0.0026851
0.00261901
0.00289025
0.0024622
0.00257352
0.00310188
0.00264666
0.00259368
0.00255607
0.00261901
0.00257176
0.00261901
0.00261901
0.00261901
0.00276397
0.00257064
0.0025081
0.00257887
0.0025766
0.002637
0.00289545
0.00279602
0.00261531
0.00277264
0.00390557
0.00301179
0.00262613
0.00287492
0.00290927
0.00267278
0.00266686
0.00274754
0.00301179
0.00270538
0.00273484
0.00296922
0.00263174
0.00274969
0.00267043
0.00301179
0.00261713
0.00293755
0.00263757
0.00301179
0.00270533
0.00274599
0.00274726
0.00268373
0.0027325
0.00299026
0.00254595
0.00282333
0.00292803
0.00257767
0.0027093
0.00253349
0.00272055
0.00270204
0.00262962
0.00248982
0.00268008
0.00292803
0.00274347
0.00267293
0.00265922
0.00309666
0.00273852
0.00246533
0.00249537
0.0025894
0.00274694
0.00284614
0.00238471
0.00278768
0.00246893
0.00320101
0.00261474
0.00249953
0.00251181
0.00269835
0.00312947
0.00293894
0.00273439
0.00292542
0.00265716
0.00269859
0.00276423
0.00288322
0.00272376
0.00288322
0.0025853
0.00278148
0.00283248
0.00274575
0.00287249
0.00279465
0.00263041
0.0026288
0.00287609
0.00288693
0.00292542
0.00278148
0.0028867
0.00283278
0.00268222
0.00261374
0.00274575
0.00286573
0.00287249
0.00288322
0.00281336
0.0026556
0.00264309
0.0026701
0.00262152
0.00283744
0.00268186
0.00282975
0.00274967
0.00278877
0.00315551
0.00472052
0.00256178
0.0026901
0.00268309
0.00270752
0.00254567
0.00391271
0.0024221
0.00262488
0.00319798
0.00259468
0.00364404
0.00243406
0.00258779
0.0031404
0.00257147
0.00259053
0.00256684
0.00256028
0.00239859
0.002613
0.00257262
0.002613
0.00252511
0.00265754
0.00258338
0.00244877
0.00253819
0.00264498
0.00274724
0.00264825
0.00296411
0.00275383
0.00268107
0.00271131
0.0028414
0.00278431
0.00266189
0.00266569
0.00265988
0.00257834
0.00293975
0.00253153
0.00285494
0.00279994
0.0029241
0.00278359
0.00273309
0.00247551
0.00257302
