0.00305441
0.00322016
0.00374309
0.00295094
0.0048472
0.00356373
0.00297096
0.00271115
0.00389262
0.00272241
0.00323323
0.0028723
0.00268692
0.0027618
0.00282882
0.00262934
0.00261776
0.00277885
0.00283175
0.00262905
0.00268078
0.00269772
0.00266711
0.00283355
0.00277921
0.00254549
0.00282451
0.00273018
0.00270146
0.00275252
0.00268485
0.00271611
0.00252747
0.00264462
0.00267477
0.00276831
0.00283026
0.00279768
0.00244106
0.00270532
0.00314512
0.00327965
0.00268325
0.00268858
0.00259029
0.00293915
0.0029276
0.00260989
0.00319408
0.00274814
0.00265323
0.0030461
0.0031923
0.00289806
0.00253628
0.00250022
0.00283555
0.00310061
0.00298563
0.00272141
0.00268775
0.00290432
0.00240728
0.002563
0.00265218
0.00307245
0.00294415
0.00267772
0.00319147
0.00302054
0.00305779
0.00280311
0.00422158
0.00305177
0.00300359
0.00284947
0.00271645
0.00433261
0.00270553
0.00367947
0.00270872
0.00335033
0.00276817
0.00269663
0.00291138
0.00254876
0.00257845
0.00335377
0.00286924
0.00326044
0.00278746
0.00310067
0.00284138
0.00281
0.00261916
0.00310067
0.00296156
0.00297674
0.00293874
0.00294667
0.00323293
0.00306285
0.00289132
0.00291093
0.00288675
0.00307852
0.00274775
0.00264338
0.00274553
0.00296695
0.00281848
0.00324116
0.0031718
0.00260262
0.0031582
0.00276659
0.00277779
0.00343894
0.00269224
0.00323057
0.00313278
0.00253343
0.00309543
0.00314428
0.00282853
0.00384756
0.00272691
0.00311955
0.00301393
0.00314604
0.00318054
0.00272382
0.00287943
0.00256091
0.00264352
0.00281185
0.00270593
0.00278119
0.00264618
0.00276035
0.00296204
0.00278455
0.0032867
0.00542452
0.00339607
0.00257543
0.0027002
0.00306166
0.00279544
0.00278075
0.00272031
0.00273679
0.00278729
0.00270083
0.00263327
0.00320032
0.00302883
0.00287216
0.00287216
0.0033146
0.00305379
0.00273978
0.00253412
0.00270141
0.00304835
0.00286552
0.00308733
0.00363133
0.00271686
0.00288824
0.00290861
0.00298886
0.00311094
0.00339935
0.00270408
0.00301189
0.00292555
0.00259928
0.00276541
0.00320149
0.00261643
0.00271005
0.00381715
0.00260527
0.00319654
0.00322005
0.00334137
0.00291467
0.00257136
0.00330871
0.00269883
0.00329942
0.00260967
0.00327518
0.00260507
0.00316714
0.00356212
0.00303761
0.00337846
0.00329075
0.00262084
0.00323605
0.00333912
0.00320381
0.00316095
0.0029444
0.0029316
0.0029575
0.00304661
0.0028762
0.00290228
0.00321795
0.00324369
0.00318262
0.00304149
0.00357352
0.00251897
0.00298275
0.00316861
0.00303378
0.00349245
0.00307851
0.00314542
0.00314959
0.00315175
0.00304358
0.00356879
0.00318421
0.00356954
0.00310513
0.00261865
0.00282118
0.00312129
0.00268386
0.00306849
0.00302549
0.00283596
0.00270344
0.00259142
0.00284545
0.00314616
0.00274142
0.00247836
0.002501
0.00244982
0.002501
0.00244982
0.00284156
0.00279563
0.00302371
0.00358565
0.00271713
0.00284156
0.00290309
0.00276779
0.00287752
0.00292036
0.00248782
0.0025994
0.00284174
0.00278039
0.00328944
0.00302853
0.00275055
0.00333555
0.00271067
0.00306872
0.00278773
0.00300748
0.00316607
0.00298748
0.0032315
0.00262389
0.0030642
0.00278652
0.0028214
0.00271802
0.00270037
0.00268987
0.00260918
0.00270037
0.00266624
0.00257201
0.00254822
0.00274218
0.0026284
0.00273368
0.00263328
0.00277505
0.0026939
0.00297461
0.00262029
0.00261951
0.00332386
0.00286988
0.00268493
0.00274234
0.00273147
0.00267816
0.00308347
0.00273587
0.00256799
0.00258035
0.0029421
0.00273544
0.00288219
0.00265903
0.00316227
0.00276478
0.0055307
0.00265562
0.00263711
0.00309967
0.00293599
0.00259665
0.00274899
0.00309967
0.00287373
0.00303785
0.00330268
0.00323345
0.00278292
0.00340099
0.00424099
0.00421744
0.0033726
0.00333736
0.00304417
0.0042518
0.00284234
0.00284234
0.00459647
0.00302541
0.00270496
0.00291387
0.00235811
0.00262172
0.00283342
0.00269154
0.00273359
0.00314429
0.00265698
0.00246603
0.00305318
0.00253878
0.00244477
0.00288566
0.00260562
0.00267103
0.00281814
0.00268678
0.00285649
0.00269719
0.00261629
0.00278778
0.0026224
0.00297604
0.00275974
0.00258653
0.00309384
0.0025479
0.00265838
0.00258653
0.00294812
0.00252862
0.00258963
0.00266357
0.00283163
0.00273838
0.00290791
0.00271162
0.00295508
0.00280158
0.00263265
0.00263344
0.0026939
0.00271347
0.00277054
0.00269868
0.00251
0.0027285
0.00286308
0.00271807
0.00300328
0.00244731
0.00267278
0.00328102
0.00474623
0.00341622
0.00365619
0.00372035
0.00384265
0.00350251
0.00273769
0.00384265
0.003337
0.00369487
0.00277401
0.00353808
0.00387737
0.00372767
0.0031891
0.00434448
0.00360746
0.00396145
0.0030515
0.00286475
0.0034046
0.00372187
0.0032603
0.00311839
0.00358083
0.00285911
0.00372187
0.00480376
0.002713
0.002961
0.00302233
0.00310102
0.00262137
0.0025023
0.00302579
0.00306378
0.00274524
0.00284976
0.00301662
0.00268811
0.00251938
0.00280302
0.00253569
0.00312316
0.00281496
0.0026296
0.00329551
0.00274036
0.00277305
0.00257275
0.00323467
0.00255435
0.00266456
0.00265339
0.00255261
0.0026453
0.00263043
0.00264145
0.00367152
0.00267145
0.00278568
0.00277622
0.00273434
0.00289275
0.00251091
0.00271446
0.00240938
0.00246614
0.00281053
0.00286486
0.00273638
0.00288999
0.0025736
0.00271208
0.00271977
0.00239039
0.00283758
0.00243502
0.0026651
0.00266799
0.00250504
0.00240911
0.00251753
0.00280776
0.00268755
0.00285964
0.00257336
0.00264035
0.00271544
0.00266736
0.00318765
0.0033402
0.00311986
0.0033402
0.00294459
0.00274698
0.0031595
0.00259078
0.00332922
0.00539518
0.00340838
0.00345913
0.00263629
0.00312922
0.00329851
0.00340838
0.00296143
0.00530083
0.00265307
0.00300223
0.00328581
0.00296609
0.00255658
0.00254222
0.00257649
0.00339921
0.00261487
0.00282412
0.00260133
0.00300689
0.00311783
0.00260344
0.00344374
0.00609359
0.00290019
0.00254434
0.00284574
0.00253014
0.00250142
0.0026534
0.0026534
0.00255056
0.00260461
0.00265917
0.00268662
0.00268664
0.00291394
0.00297882
0.00285434
0.00296061
0.00540393
0.00259255
0.00347805
0.00259538
0.00296205
0.00295101
0.00339025
0.0028015
0.00440967
0.00324027
0.0029729
0.00339395
0.00304982
0.00261859
0.00323439
0.00374519
0.00289466
0.00290181
0.00269288
0.00261369
0.00284932
0.00258721
0.00258994
0.00353607
0.00355926
0.00292427
0.00271596
0.00366862
0.00461298
0.00295101
0.00339025
0.00323558
0.00353947
0.00262769
0.00278777
0.00251083
0.0025579
0.00399314
0.00682241
0.0029048
0.00324275
0.00260335
0.00336512
0.0029367
0.00271728
0.00293411
0.00310783
0.00252716
0.00363293
0.00332297
0.00284658
0.00300785
0.00324275
0.00263371
0.00308414
0.00302932
0.00257406
0.00255959
0.00281753
0.00332297
0.00305009
0.0026249
0.0026091
0.00273337
0.00285924
0.00269063
0.00264482
0.00295439
0.00279327
0.00240821
0.00274143
0.00254541
0.00268288
0.00283811
0.00289273
0.00275159
0.00236425
0.00320656
0.00293225
0.00250002
0.00259211
0.00287604
0.0028404
0.00294088
0.00294777
0.00265519
0.00256951
0.00235919
0.00321419
0.00281192
0.00294295
0.00628846
0.00354588
0.0049371
0.00310351
0.00319727
0.00292946
0.00241696
0.00327429
0.00250112
0.0026201
0.00285561
0.00301968
0.00246794
0.00276256
0.00250192
0.0025902
0.00341286
0.00315169
0.00296667
0.00314874
0.00273427
0.00604863
0.00403435
0.00305807
0.00307656
0.00266386
0.00304506
0.00304506
0.00268839
0.00403435
0.00310956
0.00329584
0.00328497
0.00303649
0.00315864
0.00340845
0.00340823
0.00324155
0.002945
0.00293128
0.00331689
0.00296409
0.00287904
0.00259333
0.00304185
0.0029432
0.00270217
0.00261471
0.00259483
0.00282172
0.00261201
0.00271284
0.002676
0.00287812
0.00289145
0.00279963
0.00277373
0.00267238
0.00269968
0.00266375
0.00293512
0.00277373
0.00275401
0.00275401
0.00760955
0.00298933
0.00255299
0.00265919
0.00286668
0.00277841
0.00259477
0.00292917
0.00282569
0.00271333
0.00255287
0.00255677
0.00250429
0.00260425
0.00290573
0.00276353
0.00285972
0.00288124
0.00253665
0.00254985
0.00250454
0.00264816
0.00283823
0.00249346
0.00266819
0.00300542
0.00252679
0.00255181
0.00244615
0.004068
0.00346168
0.00333974
0.00346168
0.00370546
0.00374318
0.00374318
0.00276641
0.00400523
0.0043332
0.00343132
0.00361994
0.00352412
0.00393756
0.0039973
0.0032392
0.00404365
0.00374318
0.004068
0.00351938
0.00381258
0.0038038
0.00365208
0.00371055
0.0039973
0.0034814
0.00334961
0.00363588
0.00365213
0.00397564
0.00376745
0.0026539
0.00317439
0.00712677
0.00376745
0.00486771
0.00318786
0.00327887
0.00299201
0.00327887
0.00297419
0.00331642
0.00325739
0.00319015
0.00334105
0.00308216
0.00333034
0.00314412
0.00310953
0.00321676
0.00308746
0.00319777
0.00308216
0.00310953
0.00321676
0.00308746
0.00305698
0.00317872
0.00317872
0.00321676
0.00461135
0.00330921
0.00461135
0.00288914
0.00419664
0.00305699
0.00327372
0.00271358
0.00334965
0.00311638
0.00259283
0.00438828
0.00253627
0.00283311
0.00264679
0.0037538
0.00250164
0.00291046
0.00251447
0.00291045
0.00291943
0.00246534
0.00268905
0.00278838
0.00257706
0.00255898
0.00313276
0.00250164
0.0027248
0.00259835
0.0028584
0.00262853
0.00286906
0.00346275
0.00254414
0.00274035
0.00277554
0.00249336
0.00254778
0.00300212
0.00253523
0.00285201
0.00240796
0.00257196
0.00312811
0.0029261
0.00250738
0.00328244
0.00266983
0.00274137
0.00269419
0.00285157
0.00272481
0.00285157
0.00285157
0.00285157
0.00285157
0.00285157
0.00291783
0.00285157
0.00312811
0.0029261
0.00250738
0.00328244
0.00266983
0.00274137
0.00269419
0.00285157
0.00272481
0.00285157
0.00285157
0.00285157
0.00309128
0.0025557
0.00256026
0.00263334
0.00254132
0.00262047
0.00283111
0.00310391
0.00256487
0.00281109
0.0052843
0.00326395
0.00271407
0.00303792
0.00283863
0.00260319
0.00261328
0.00308438
0.00326397
0.00265401
0.00278944
0.00318659
0.00259882
0.00283592
0.00284889
0.00326395
0.00272076
0.00308562
0.00265316
0.00326395
0.0028515
0.00273437
0.00303715
0.00269698
0.00277311
0.00324946
0.0027934
0.00283072
0.00315199
0.00300115
0.00263437
0.00253414
0.00290786
0.00275233
0.00288761
0.00277232
0.00264106
0.00315199
0.00327026
0.00302968
0.00283593
0.00332973
0.00297835
0.00247031
0.00249727
0.00266114
0.00286886
0.00329389
0.00232509
0.00306346
0.0027705
0.0037976
0.00279375
0.00256295
0.00291203
0.00341207
0.00329479
0.00312931
0.00288946
0.0031056
0.0027334
0.00268469
0.0028066
0.00297321
0.00280431
0.00297321
0.00257524
0.00287766
0.00292829
0.00291824
0.00314368
0.00279781
0.0026675
0.00261031
0.00284559
0.00289842
0.0031056
0.00287766
0.00298116
0.0029344
0.00258986
0.00264326
0.00291824
0.00299871
0.00314368
0.00297321
0.0030601
0.00273597
0.00329647
0.00279839
0.00265167
0.0032892
0.00268758
0.0029823
0.0028878
0.00300541
0.00403618
0.00585177
0.00249652
0.00325673
0.00267292
0.00290772
0.00272198
0.00428495
0.00244949
0.00259228
0.00452829
0.00306527
0.00527425
0.00262748
0.00326651
0.00564559
0.00271111
0.00264473
0.00252188
0.00266153
0.00245752
0.00263691
0.00258485
0.00263691
0.00257257
0.00268676
0.00272241
0.00244627
0.00252299
0.00269013
0.00304409
0.00284182
0.00334447
0.00297186
0.00289932
0.00334258
0.00292874
0.00314699
0.00286339
0.0029139
0.00281966
0.00285409
0.00329737
0.00265826
0.00289544
0.00362537
0.00283269
0.00304453
0.00291173
0.00253498
0.00254163
