0.00324855
0.00320112
0.00363967
0.00314759
0.00474699
0.00351494
0.00292552
0.00294419
0.00379864
0.00290908
0.00352629
0.00303072
0.00305188
0.00318805
0.00308934
0.00312828
0.00314723
0.00342431
0.0032628
0.00308171
0.00315185
0.00320417
0.00313341
0.00326961
0.00317754
0.0030525
0.00317754
0.00317802
0.00319667
0.00336394
0.00310492
0.00308216
0.00309929
0.00306294
0.00310964
0.00307283
0.00306397
0.00301528
0.00283031
0.00346297
0.0029364
0.00314454
0.00297825
0.00293393
0.00280918
0.00310094
0.00313796
0.00295577
0.00311174
0.00292335
0.00289898
0.00297697
0.00307548
0.00306056
0.00278493
0.0027287
0.00295875
0.00333069
0.00317012
0.00292269
0.0028127
0.00321913
0.00274354
0.00293578
0.00319025
0.00333345
0.00350363
0.00294546
0.0030233
0.00314714
0.00326576
0.00304002
0.00417615
0.00322514
0.00292155
0.00290989
0.0030737
0.0044441
0.00285756
0.00374055
0.00292372
0.00334849
0.00298211
0.00293436
0.0030709
0.00274216
0.00270356
0.0036184
0.0030821
0.00346431
0.00320455
0.00369095
0.00333762
0.00337545
0.00294655
0.00369095
0.00330166
0.00316003
0.00365121
0.00345079
0.00352127
0.00337534
0.00324282
0.00310669
0.00323537
0.00344242
0.00308595
0.00308743
0.00283204
0.00321463
0.00301479
0.00325428
0.00352305
0.00285518
0.00341699
0.00307742
0.00308123
0.00331926
0.00297248
0.00331043
0.00316348
0.00283582
0.00327752
0.0033035
0.00317901
0.00389283
0.00292776
0.00315897
0.00312163
0.0031249
0.00297647
0.00287061
0.00296328
0.00284358
0.00293552
0.00313351
0.00303446
0.00295482
0.00283198
0.00308061
0.00328098
0.00310739
0.00337181
0.00446462
0.00342615
0.00311239
0.00296457
0.00325452
0.00300289
0.00300858
0.00314195
0.00321275
0.00302887
0.00294746
0.00292896
0.00338012
0.0032645
0.00308279
0.00308279
0.00352986
0.00334616
0.00286501
0.00281472
0.00294093
0.0032318
0.00310639
0.00314318
0.0037449
0.00286275
0.00332498
0.00307005
0.0031264
0.00321731
0.00371277
0.00289192
0.00330394
0.00315382
0.00272093
0.00293416
0.00337035
0.00289242
0.00289587
0.00371316
0.0027862
0.00305012
0.00327976
0.00350644
0.00313659
0.00270761
0.00335342
0.00311621
0.00370468
0.00277949
0.00324005
0.00279859
0.00308521
0.00362138
0.00305824
0.00307194
0.00330788
0.00281299
0.00300583
0.00356072
0.00331429
0.00323212
0.00329985
0.00315503
0.00299231
0.00358409
0.00304025
0.0030499
0.00349685
0.00346684
0.00328979
0.00328809
0.00343529
0.00279693
0.00309844
0.00331712
0.00304695
0.00363307
0.00317701
0.00349471
0.00350776
0.00338262
0.00305683
0.00387176
0.00331779
0.00372373
0.00329681
0.00300582
0.00312347
0.00339095
0.00296201
0.00318496
0.00322767
0.00300851
0.0029888
0.00291654
0.00305995
0.00332877
0.0030081
0.00278464
0.0027915
0.00270748
0.0027915
0.00270748
0.00303439
0.00299199
0.00318906
0.00336345
0.00284956
0.00303439
0.00295677
0.00310894
0.00314665
0.00320972
0.00275992
0.00276792
0.00300139
0.00314257
0.00361453
0.00321534
0.00330143
0.0035157
0.00300369
0.00314525
0.00297512
0.00315997
0.00330534
0.00310156
0.00321141
0.00286737
0.00356183
0.00294298
0.00295379
0.0029649
0.00300104
0.00297872
0.00293601
0.00300104
0.00304606
0.00304708
0.00291377
0.00316302
0.00293938
0.00315755
0.00313644
0.00298772
0.00301559
0.00326531
0.00294121
0.00294673
0.00363243
0.00314689
0.0031158
0.00307233
0.00297605
0.00303597
0.00324371
0.00308104
0.00294893
0.00294686
0.00340318
0.00317407
0.00310134
0.00296841
0.0037255
0.0031463
0.0048969
0.0029687
0.00286679
0.00331247
0.00318555
0.00282468
0.00292891
0.00331247
0.00305201
0.00325853
0.00363207
0.00334108
0.00303593
0.00347281
0.00436876
0.00387188
0.00363665
0.00382162
0.0032299
0.00384648
0.00338806
0.00338806
0.00463121
0.00340344
0.00297794
0.0033145
0.00283465
0.00295629
0.00323699
0.00297176
0.00290138
0.00336486
0.00299215
0.0026218
0.00347803
0.00286426
0.00270648
0.00323874
0.00300174
0.00290942
0.00306693
0.00302229
0.00292646
0.00296906
0.00274432
0.00311499
0.0029277
0.00309785
0.00299233
0.00298663
0.00306385
0.00291693
0.00293857
0.00290918
0.00306385
0.00281906
0.00326492
0.00305187
0.00331727
0.00308348
0.0032546
0.00322524
0.00313616
0.00320506
0.00316947
0.00306569
0.00299265
0.00329886
0.0032364
0.00332301
0.00300053
0.00320262
0.00328427
0.00302833
0.00337362
0.00272929
0.00316129
0.00374367
0.00463774
0.00358306
0.00364496
0.00367312
0.00365837
0.00346637
0.00284441
0.00365837
0.00364088
0.00363542
0.00298046
0.00354403
0.00382368
0.00369477
0.00314197
0.00412678
0.00350444
0.00369257
0.00325164
0.0032681
0.00341977
0.0036744
0.00319513
0.00318895
0.00362793
0.00306501
0.0036744
0.0039417
0.00299885
0.00305007
0.00328031
0.00317976
0.00284169
0.00283364
0.00317052
0.0032904
0.00299282
0.00307161
0.00318416
0.00310125
0.00281598
0.00307148
0.00285547
0.00305247
0.00318571
0.00288328
0.00335234
0.00311246
0.00301475
0.00290308
0.0033289
0.00273196
0.00310371
0.00289031
0.00290068
0.00303143
0.0029446
0.00312284
0.00406001
0.00302591
0.00325663
0.0030126
0.00301496
0.00326668
0.00273454
0.0029467
0.00271677
0.0026932
0.00321384
0.00313358
0.00297387
0.00302508
0.00289781
0.00292767
0.00293908
0.00267214
0.00313757
0.00270578
0.00293675
0.00288046
0.00296549
0.00280294
0.00272827
0.00299757
0.00282489
0.00317602
0.00281685
0.00286212
0.00295097
0.00290887
0.00319876
0.00315893
0.00318124
0.00315893
0.00301361
0.00314741
0.00333637
0.0029172
0.0033895
0.00512618
0.0037503
0.00362492
0.00288962
0.00315512
0.00348442
0.0037503
0.00323551
0.00470404
0.00298825
0.00328833
0.00347843
0.00303502
0.00287289
0.00289165
0.00287804
0.00329668
0.00301613
0.00306933
0.00296022
0.0030811
0.0032049
0.00298334
0.00370063
0.00614324
0.00319877
0.00292993
0.00299984
0.00297211
0.00286269
0.00288587
0.00288587
0.00278434
0.00284501
0.00290296
0.00286429
0.0029106
0.00316928
0.00318112
0.00307592
0.00317757
0.00540426
0.002868
0.00366292
0.00294813
0.00315026
0.00311874
0.00350121
0.00314857
0.00405556
0.00323202
0.00317372
0.00354831
0.00325715
0.00286526
0.00347556
0.00336337
0.00306414
0.00308972
0.00301355
0.00282538
0.00297896
0.00275264
0.00287446
0.00356852
0.0034088
0.00296344
0.00305988
0.00362442
0.00523044
0.00311874
0.00350121
0.00339264
0.00292507
0.00300214
0.00301305
0.0028388
0.00280718
0.00302775
0.00576792
0.00373046
0.00337129
0.00299426
0.00306614
0.00341375
0.00310062
0.00335823
0.00341785
0.002867
0.00315271
0.00344855
0.00305088
0.00313776
0.00337129
0.00298528
0.00343926
0.0034744
0.0028969
0.00298622
0.00301935
0.00344855
0.00292497
0.00285837
0.00283164
0.00292587
0.00300536
0.00290804
0.00291935
0.00302977
0.00309782
0.00265593
0.0029317
0.00286272
0.00287748
0.00309669
0.00309245
0.00298395
0.00259542
0.00305231
0.00272915
0.00277644
0.00288959
0.00315394
0.00291915
0.00323943
0.00330156
0.00306865
0.00295201
0.00264511
0.00351564
0.00299701
0.00308439
0.00646918
0.00378007
0.00508392
0.00336576
0.00336211
0.00301546
0.00272031
0.00316098
0.00278123
0.00286614
0.00307377
0.00321619
0.00286772
0.00299764
0.00285003
0.00282558
0.00358977
0.00323884
0.00306199
0.00317121
0.00309941
0.00552592
0.00365566
0.00313667
0.00296812
0.00285595
0.00296812
0.00296812
0.00275833
0.00365566
0.00310317
0.00345206
0.00326452
0.00302358
0.00312066
0.00361253
0.0032759
0.00341034
0.00303348
0.00313454
0.00330596
0.00316092
0.00303846
0.00280245
0.00302358
0.00304195
0.00300627
0.00306322
0.00286821
0.00287333
0.00290671
0.00295105
0.00300392
0.00309375
0.00315593
0.00297548
0.00298884
0.00288899
0.00293996
0.00319407
0.00307152
0.003054
0.00296762
0.00297843
0.00634866
0.00309217
0.00284686
0.00293156
0.00329622
0.00330971
0.00294841
0.00310844
0.00312347
0.00295871
0.00287681
0.00283119
0.00275204
0.00292108
0.00313291
0.00296962
0.00299528
0.00303165
0.00289599
0.00296425
0.00307009
0.0029468
0.00322989
0.00282656
0.00295986
0.00325799
0.00285112
0.00284994
0.00286914
0.0037866
0.00373692
0.00365692
0.00357588
0.00381305
0.00361249
0.00361249
0.0030339
0.00384835
0.00415004
0.00388343
0.00372988
0.00382588
0.00380182
0.00384848
0.00351039
0.00406668
0.00361249
0.0037866
0.00386654
0.00407104
0.00361249
0.00361782
0.00368925
0.00384848
0.00357588
0.00359887
0.00369011
0.00361782
0.00393914
0.0036078
0.00275062
0.00328691
0.00573385
0.0036078
0.00432905
0.00323845
0.0032797
0.00327368
0.0032797
0.00319286
0.00359243
0.00322603
0.00333315
0.00334945
0.00318017
0.00359469
0.00319288
0.00322685
0.00330554
0.00318924
0.00334347
0.00318017
0.00322685
0.00330554
0.00318924
0.003134
0.00320951
0.00319286
0.00330554
0.00452349
0.00327701
0.00452349
0.00304547
0.00418686
0.00321972
0.00331032
0.00295134
0.00356982
0.00328265
0.00310966
0.00373734
0.00287138
0.00299237
0.00294836
0.00341592
0.00288209
0.00347687
0.00302827
0.00302274
0.00309809
0.00282313
0.00314528
0.00302385
0.00286388
0.00296987
0.00345734
0.00289707
0.00315803
0.0031256
0.0031188
0.00293211
0.00318949
0.00357601
0.0029089
0.00322875
0.00307553
0.00284363
0.00288053
0.00309211
0.00284928
0.00323049
0.00281355
0.00288641
0.00322284
0.00292609
0.00289137
0.00343614
0.00296258
0.00314508
0.00300743
0.00300175
0.00294676
0.00300175
0.00300175
0.00300175
0.00300175
0.00300175
0.00308202
0.00300175
0.00322284
0.00292609
0.00289137
0.00343614
0.00296258
0.00314508
0.00300743
0.00300175
0.00294676
0.00300175
0.00300175
0.00300175
0.00322435
0.00283309
0.00287334
0.00290939
0.00285167
0.00291808
0.00317827
0.00318031
0.00296882
0.00301888
0.00521061
0.00339555
0.00294189
0.00340159
0.00310854
0.00291789
0.00289683
0.00320439
0.00339557
0.00293397
0.00312886
0.00349407
0.00288578
0.00311389
0.00304815
0.00339555
0.0029816
0.00334691
0.00299229
0.00339555
0.00311464
0.00313697
0.00319306
0.0030114
0.00314098
0.00316406
0.00290893
0.00315226
0.00356977
0.00297488
0.00304623
0.00279921
0.00297267
0.00297132
0.00316621
0.00288835
0.0028993
0.00356977
0.00320998
0.00300861
0.00301755
0.00361479
0.00320704
0.0027239
0.0027139
0.00307985
0.00308126
0.00320521
0.00263491
0.00334952
0.00276116
0.00356353
0.00313694
0.00273246
0.00322241
0.00314927
0.0033737
0.00316439
0.00306839
0.00319788
0.00305265
0.00304508
0.00296652
0.00320132
0.00308028
0.00320132
0.00285194
0.00313727
0.00306156
0.00299353
0.00314446
0.00319833
0.00289184
0.00288805
0.00320311
0.00303124
0.00319788
0.00313727
0.00322065
0.00313341
0.00298651
0.00286158
0.00299353
0.00313744
0.00314446
0.00320132
0.00308447
0.0029821
0.00320896
0.00302622
0.00289348
0.00323283
0.00295993
0.00313189
0.00310024
0.00323007
0.00406718
0.00628933
0.00300878
0.0030597
0.00307326
0.00323609
0.00295167
0.0045388
0.00272151
0.00309145
0.00424986
0.00302532
0.00473514
0.00267938
0.00308279
0.00444473
0.00289026
0.00302014
0.00283452
0.00298233
0.00276502
0.00297854
0.0028665
0.00297854
0.00285652
0.00293669
0.00304148
0.00272309
0.00282723
0.00306789
0.00314634
0.00294972
0.00358325
0.00309477
0.00321438
0.00310728
0.00321155
0.00337151
0.00311795
0.00305081
0.00317932
0.00294272
0.00345591
0.00294943
0.00354361
0.00327738
0.00332807
0.00329828
0.00313677
0.00279444
0.00288847
