0.0026158
0.00248929
0.00293985
0.00234796
0.00385528
0.00264649
0.00222681
0.00214652
0.00286864
0.00216215
0.00256538
0.00224798
0.00227398
0.00227293
0.00222914
0.00215739
0.00218947
0.00235632
0.00230839
0.00218087
0.00227127
0.00221215
0.00220159
0.00231095
0.00226432
0.00211128
0.0022411
0.0022482
0.00226131
0.0024132
0.00217265
0.00219195
0.00209376
0.00215311
0.00226462
0.00219096
0.00220349
0.00215095
0.00201679
0.00247557
0.00210912
0.00207779
0.00209306
0.00210226
0.00205674
0.00217883
0.00221898
0.00213625
0.00238065
0.00212516
0.002079
0.00241513
0.0022653
0.00218918
0.00195085
0.00204167
0.00213232
0.00224604
0.00227071
0.00208421
0.0019997
0.00232958
0.00194759
0.00211039
0.00222458
0.00240673
0.00255711
0.00211701
0.00216322
0.00228067
0.00242344
0.00221246
0.00316969
0.00235077
0.00211813
0.00221869
0.00214303
0.00341899
0.00205417
0.00272359
0.00209043
0.00237924
0.00205113
0.00208502
0.00221185
0.00193573
0.00209185
0.00299765
0.0021311
0.00261069
0.00245495
0.00274765
0.00248954
0.00239874
0.00207251
0.00274765
0.0025043
0.00228202
0.00255007
0.00234128
0.00246087
0.00237529
0.00227064
0.00237874
0.0022765
0.00248711
0.00218206
0.00216936
0.00225635
0.00243171
0.00222552
0.00241654
0.00260985
0.00209419
0.0025518
0.00217583
0.00227592
0.00251839
0.0021492
0.00245561
0.00257943
0.00207767
0.00241881
0.00236343
0.00234301
0.00295936
0.00218332
0.00235578
0.00232906
0.00238626
0.00231214
0.00211832
0.002643
0.00208048
0.00210667
0.00227747
0.00221648
0.00220182
0.00205658
0.00222298
0.00232665
0.00220243
0.00241969
0.00341003
0.00264848
0.00214623
0.00210418
0.00228529
0.00211861
0.00205521
0.00215124
0.00221086
0.00210634
0.00207409
0.0020317
0.00238341
0.00228095
0.00218982
0.00218982
0.00241144
0.00233314
0.00206111
0.00201107
0.00203199
0.00221098
0.00217306
0.00228075
0.00276929
0.002149
0.00263264
0.00239923
0.00243238
0.00234037
0.00267132
0.00220245
0.00254965
0.00236996
0.00203075
0.00220658
0.0024765
0.00216018
0.00222239
0.00262802
0.00209605
0.00238045
0.00250122
0.00258538
0.00228393
0.00201147
0.00241428
0.00225786
0.00255228
0.00205382
0.00260322
0.00208781
0.00251543
0.00266077
0.00226954
0.00224561
0.00251323
0.002086
0.00240552
0.0025889
0.00230413
0.00242221
0.00246147
0.00234945
0.00213356
0.00246524
0.00227054
0.00223648
0.00263242
0.00256468
0.00270952
0.00239713
0.00259502
0.00205286
0.00231299
0.00234743
0.0023283
0.00263296
0.00239965
0.0025527
0.00241151
0.00244717
0.00217176
0.00280303
0.00242942
0.00269746
0.00230065
0.00217344
0.0022241
0.00238138
0.00211782
0.00232176
0.00232585
0.00217297
0.00225657
0.00204477
0.00223722
0.00238243
0.00208362
0.00203031
0.00196964
0.00196937
0.00196964
0.00196937
0.00221571
0.00212307
0.0022879
0.00245285
0.00210316
0.00221571
0.0021717
0.00215388
0.00226882
0.00230177
0.00199876
0.00202114
0.00224923
0.00212924
0.00259961
0.00227311
0.00231507
0.00244519
0.00219605
0.00234077
0.00219157
0.00228208
0.0023508
0.00227583
0.00245658
0.00204161
0.0024794
0.00221977
0.00220251
0.00221384
0.00218059
0.00222487
0.0021105
0.00218059
0.00225346
0.00215263
0.00207564
0.00226615
0.00213008
0.00229139
0.00227203
0.00224983
0.00221136
0.00244065
0.00212241
0.00206983
0.00281952
0.00234804
0.0021586
0.00226536
0.00221614
0.00217985
0.00243537
0.00219593
0.00213802
0.00215528
0.00247072
0.00234094
0.0023874
0.00209995
0.00272196
0.00225059
0.00378435
0.00217952
0.00212055
0.00237288
0.0022886
0.00206719
0.00205944
0.00237288
0.00221648
0.00228923
0.00266771
0.00246077
0.00221335
0.00271851
0.00329073
0.00308652
0.00261013
0.0027762
0.00234845
0.00326364
0.0023217
0.0023217
0.00370132
0.00252624
0.0022366
0.00238776
0.00198179
0.00218843
0.00232824
0.00214
0.00213847
0.00242454
0.00212576
0.00199191
0.00243201
0.00206172
0.0019892
0.00243251
0.00219953
0.00219262
0.00236811
0.00220706
0.002154
0.0021996
0.00202611
0.00224818
0.00215388
0.00243541
0.00223265
0.00214425
0.00230334
0.00207689
0.00218499
0.00214425
0.00230334
0.00208185
0.00235067
0.00217424
0.00231268
0.00225304
0.00235335
0.00228739
0.00223672
0.00228953
0.00218398
0.00215928
0.0021614
0.00228089
0.00232925
0.00228463
0.00208963
0.00217295
0.00237829
0.00219306
0.00242589
0.00196581
0.00229336
0.00274824
0.00327128
0.00271205
0.0027637
0.0027893
0.00277497
0.00261127
0.00201057
0.00277497
0.00265555
0.00279493
0.00216627
0.00266477
0.00315932
0.00277074
0.00244035
0.00326454
0.0027138
0.00286601
0.00243804
0.00240263
0.00249383
0.00277426
0.00240134
0.00248024
0.00277016
0.00227172
0.00277426
0.00353149
0.0022132
0.00230721
0.00238178
0.00235215
0.00212022
0.00205263
0.00228456
0.00235576
0.00218602
0.00218782
0.00221609
0.00218676
0.0020443
0.00213481
0.00202126
0.00216517
0.00230471
0.00216329
0.00231612
0.00220256
0.00219965
0.00211644
0.00248029
0.00201795
0.00218629
0.00211218
0.00208313
0.00216087
0.00212727
0.00211333
0.00287765
0.00211819
0.00226007
0.00220323
0.00222733
0.00237503
0.00208107
0.00214073
0.0019984
0.00201451
0.00234516
0.00222312
0.00220435
0.00220855
0.00209387
0.0021318
0.00209318
0.00197766
0.00219535
0.00196199
0.00216877
0.00207583
0.00211595
0.00202869
0.00204164
0.00205462
0.00212445
0.00225992
0.00208443
0.00210417
0.00214567
0.0021253
0.00238423
0.00234547
0.00236954
0.00234547
0.00220907
0.00250724
0.00236487
0.00205464
0.00240465
0.00422838
0.00261807
0.00265422
0.0021308
0.00240355
0.0024903
0.00261807
0.00227861
0.00377839
0.00217368
0.00239078
0.00253737
0.00217494
0.00206103
0.00209715
0.00209335
0.00249618
0.00225916
0.00237369
0.00207421
0.00238337
0.0025199
0.00204656
0.00257614
0.00496801
0.0023079
0.00200704
0.00210139
0.00203722
0.00200101
0.00205411
0.00205411
0.00197792
0.00202935
0.00208884
0.00206922
0.00206085
0.00219843
0.00226008
0.00220596
0.00225453
0.00480383
0.00216757
0.00278201
0.00216242
0.0022836
0.00234949
0.00254116
0.00233903
0.00342586
0.00237221
0.0022387
0.00260448
0.00233509
0.00209331
0.00253533
0.00251226
0.00234956
0.00226876
0.0022162
0.00205562
0.00228264
0.00203874
0.00212289
0.00285399
0.00265776
0.00220097
0.00209535
0.00287927
0.00382448
0.00234949
0.00254116
0.0024409
0.00237361
0.00213089
0.00218042
0.00203707
0.00201712
0.0024667
0.00448202
0.00242123
0.00232076
0.00206697
0.00221362
0.00226771
0.00221752
0.00237541
0.00225669
0.00205823
0.00226505
0.0024017
0.00228634
0.00227063
0.00232076
0.00218038
0.00242554
0.00230876
0.00203118
0.00205186
0.00220503
0.00240187
0.00215107
0.00204574
0.0021285
0.00216689
0.00206626
0.00208754
0.00209947
0.00231701
0.00218271
0.00191496
0.00210069
0.00208182
0.00209038
0.00222724
0.00228406
0.00213257
0.00189367
0.00223396
0.00199885
0.00201962
0.00207094
0.00220452
0.00217319
0.00222949
0.00239999
0.00200346
0.00205435
0.00188113
0.00242247
0.00213792
0.0022375
0.00558299
0.00274612
0.00411032
0.00250613
0.00249254
0.00233228
0.00200307
0.00246787
0.00200136
0.00217311
0.00226515
0.00247784
0.00203638
0.00212427
0.00204572
0.00205429
0.00251061
0.00231979
0.00221785
0.00241428
0.00208284
0.00391412
0.00275908
0.00227114
0.00218864
0.00206445
0.00218864
0.00218864
0.0020023
0.00275908
0.00218872
0.00253149
0.00243886
0.00222498
0.00230046
0.00253201
0.00238892
0.00231381
0.00218809
0.00216543
0.00244159
0.00227274
0.00222916
0.00202621
0.00234086
0.00216589
0.00217337
0.0021141
0.00205051
0.00205657
0.00213371
0.00215005
0.00215729
0.00225352
0.00223626
0.00213799
0.00216602
0.00214097
0.00214482
0.00221816
0.00222563
0.00220836
0.00218648
0.0021012
0.00569488
0.00231788
0.00204902
0.00207227
0.00231355
0.00222827
0.00212286
0.0021737
0.00225438
0.00214502
0.00207436
0.00205533
0.00197135
0.00213401
0.00221969
0.00214744
0.00200941
0.00217323
0.0020151
0.00202853
0.00197947
0.00208977
0.0022212
0.00200013
0.00205955
0.00224746
0.00203282
0.00203988
0.00204077
0.00272074
0.0026893
0.0026969
0.00266767
0.00281886
0.00261513
0.00261513
0.00220554
0.00281669
0.0031189
0.00259116
0.00275901
0.00274203
0.0027264
0.00278629
0.0025015
0.00277306
0.00261514
0.00272074
0.00284389
0.0028055
0.00261514
0.00268936
0.00274511
0.00278629
0.00267737
0.00259146
0.0027274
0.00268936
0.00283664
0.00292642
0.00207015
0.00238504
0.00445549
0.00292642
0.00339903
0.00247383
0.00244229
0.0023419
0.00244229
0.00229174
0.00241399
0.00242045
0.00241097
0.00247445
0.00232489
0.00249651
0.00235965
0.00229848
0.00238957
0.0023226
0.00243018
0.00232489
0.00229848
0.00238957
0.0023226
0.00234122
0.00229174
0.00229174
0.00236254
0.00364495
0.00249736
0.00364495
0.00223475
0.00325829
0.00236862
0.0024674
0.00205987
0.0024489
0.00226372
0.00211274
0.00274664
0.00207387
0.0021407
0.00212346
0.00243065
0.00205256
0.00237024
0.0021705
0.00220321
0.00221099
0.00202905
0.00223358
0.00220758
0.00208129
0.00208282
0.00250384
0.00203194
0.0022137
0.00217309
0.00218043
0.00203121
0.00234649
0.0026492
0.00208771
0.00223217
0.00217629
0.00206787
0.00206421
0.00210523
0.00205999
0.00228156
0.00203784
0.00212838
0.0023923
0.00223746
0.00217371
0.00266521
0.00226841
0.00236141
0.00219858
0.00226297
0.00226467
0.00226297
0.00226297
0.00226297
0.00226331
0.00226297
0.00236437
0.00226298
0.0023923
0.00223746
0.00217371
0.00266521
0.00226841
0.00236141
0.00219858
0.00226297
0.00226467
0.00226297
0.00226297
0.00226297
0.00226649
0.00205748
0.0020718
0.00212712
0.00205979
0.00225392
0.00226286
0.00231596
0.00209864
0.00223506
0.00396088
0.00252025
0.00209916
0.00228451
0.00220764
0.00211122
0.00210489
0.00235449
0.00252026
0.00213267
0.00223868
0.00250289
0.00210864
0.00211601
0.00219033
0.00252025
0.00222961
0.00241463
0.00208916
0.00252025
0.00221321
0.00227521
0.00233013
0.00217232
0.00225829
0.00229765
0.00212757
0.00214149
0.00253746
0.00222896
0.0020647
0.00203268
0.00219597
0.00214903
0.00228299
0.00211095
0.00208138
0.00253746
0.00241646
0.00224489
0.00212046
0.00285752
0.00237234
0.00197754
0.00198361
0.0020738
0.00222493
0.00221083
0.00189515
0.00228141
0.00207061
0.00265574
0.00242353
0.00195376
0.00225184
0.00227248
0.00245841
0.00236059
0.00221871
0.00238644
0.00214503
0.00216501
0.00218851
0.00229538
0.00222722
0.00229538
0.00205113
0.00226682
0.00225582
0.00221168
0.00227752
0.00226262
0.00211721
0.00207794
0.00229081
0.00223965
0.00238644
0.00226682
0.00241885
0.00228477
0.00212799
0.00209249
0.00221168
0.00229413
0.00227752
0.00229538
0.00245892
0.00218375
0.00237801
0.00220005
0.00213345
0.00247201
0.00219285
0.00224669
0.00229019
0.0022795
0.00305584
0.00457261
0.00208297
0.00228351
0.0022174
0.00221795
0.0021116
0.00356299
0.00196781
0.00216439
0.00331323
0.00223945
0.00417274
0.0019566
0.00233905
0.00411641
0.0021108
0.00206629
0.00194519
0.00206629
0.00191481
0.00207441
0.00205357
0.00207441
0.00201323
0.00210198
0.0021045
0.00198452
0.0020197
0.0020916
0.00218298
0.0021056
0.00246612
0.00227181
0.00223059
0.00221712
0.00218733
0.00237851
0.00220456
0.00223754
0.00211617
0.00216814
0.00243484
0.00209486
0.00229243
0.00233977
0.00222486
0.00244811
0.00228028
0.00198819
0.00201259
