0.00386919
0.00369555
0.00447233
0.00356888
0.00589002
0.00396948
0.0033909
0.00339407
0.00448566
0.00332535
0.0039291
0.00370195
0.00355811
0.00350009
0.00349102
0.00329837
0.00336816
0.00376442
0.00358387
0.00339508
0.00359492
0.00351383
0.0034801
0.00358374
0.00349093
0.00334013
0.00362812
0.00347159
0.00361333
0.00396504
0.00335849
0.00338673
0.00344779
0.00335458
0.00352993
0.0033915
0.00351909
0.0035141
0.00325108
0.00429996
0.00381889
0.00356787
0.00336481
0.00341255
0.00335456
0.00371273
0.00360452
0.00335438
0.00390043
0.00353887
0.00347206
0.00385872
0.00380556
0.00376423
0.00318183
0.00338951
0.00354586
0.00365942
0.00385345
0.00346457
0.00345962
0.00388337
0.00308635
0.00338117
0.00385472
0.00350956
0.00399433
0.00338361
0.00341605
0.00356401
0.00387745
0.00353156
0.00513792
0.0037886
0.00327667
0.00362656
0.00337108
0.0048605
0.0031683
0.00468873
0.00326871
0.0039676
0.00343193
0.00331965
0.00353701
0.00315199
0.00318601
0.00456257
0.00353169
0.00387585
0.00381166
0.00430892
0.00403072
0.00377684
0.00323511
0.00430892
0.00377484
0.00351964
0.00391079
0.00353049
0.00382115
0.00369722
0.00354076
0.00371624
0.00356568
0.00390063
0.00343536
0.00337666
0.00351504
0.00380356
0.00343893
0.00390264
0.00412792
0.00320791
0.00378097
0.00359099
0.0035343
0.00393797
0.00336066
0.00389746
0.00390563
0.00319468
0.00407778
0.00392896
0.00358539
0.00442073
0.00336118
0.0036845
0.00363373
0.00375125
0.003656
0.00330459
0.00393244
0.00317657
0.003324
0.00360736
0.00334126
0.00346605
0.00313757
0.00358038
0.00365616
0.00354931
0.00380795
0.00561192
0.00400951
0.00333917
0.00334864
0.00352097
0.0035336
0.00324518
0.00337194
0.00352804
0.00334806
0.00329657
0.00322291
0.00403201
0.00378051
0.00350635
0.00350635
0.00404079
0.00385349
0.00348492
0.00319481
0.00342645
0.00361289
0.0033838
0.00373736
0.00421868
0.00330099
0.00413183
0.0037676
0.0037747
0.00371382
0.00412999
0.00343285
0.00376314
0.00365884
0.00309628
0.00349715
0.00385128
0.00331218
0.00346453
0.00439603
0.00335142
0.00364207
0.00396748
0.00402185
0.00360157
0.00318552
0.00394975
0.00355989
0.00402302
0.00311543
0.00403778
0.0032534
0.00392623
0.00430466
0.00360503
0.00369158
0.00399524
0.00326301
0.00405253
0.00477269
0.00358215
0.00378349
0.00381203
0.00372762
0.00329954
0.00435742
0.0035734
0.00342405
0.00399216
0.00395705
0.00438981
0.00383412
0.00415295
0.00328848
0.00356381
0.00382493
0.00360538
0.00422854
0.0038452
0.00422538
0.00384945
0.00378637
0.00333297
0.00439199
0.00388
0.00428943
0.00362765
0.00337979
0.00348916
0.00375289
0.003349
0.00387445
0.00383297
0.00335359
0.0035648
0.00322658
0.00334223
0.00376248
0.00338232
0.00313916
0.00311034
0.00313598
0.00311034
0.00313598
0.00333454
0.0033714
0.00349094
0.00364976
0.0032654
0.00333454
0.00347543
0.00370868
0.00338961
0.00367859
0.00310717
0.00322159
0.00343825
0.00369957
0.00431817
0.00365734
0.00369325
0.00397644
0.00343584
0.00358875
0.00345099
0.00365297
0.00378685
0.00342306
0.00395871
0.00311174
0.00421772
0.00354336
0.00356707
0.00344626
0.0034595
0.0033852
0.00330331
0.0034595
0.00360095
0.00342781
0.00321808
0.00352874
0.00331587
0.00362037
0.00354817
0.00345337
0.00349013
0.00380773
0.00332399
0.00327553
0.00442269
0.00351939
0.00347989
0.00353317
0.00341755
0.00346496
0.00381367
0.00343094
0.00327768
0.00325803
0.00391935
0.00360122
0.0035708
0.00329267
0.004458
0.00363461
0.00606856
0.00334996
0.00325885
0.00363286
0.00346973
0.0031744
0.00326109
0.00363286
0.00354182
0.00357268
0.00437674
0.00394598
0.0034646
0.00400762
0.00506115
0.00465513
0.0042049
0.00422013
0.00372558
0.00441455
0.00410329
0.00410329
0.00579665
0.00401599
0.00324206
0.00397774
0.00302207
0.00342199
0.0037586
0.00349646
0.00348553
0.0039539
0.00338468
0.00319497
0.00402371
0.00326887
0.00306325
0.00388669
0.00342998
0.00346971
0.00367259
0.00340834
0.0033432
0.00339634
0.0031047
0.00349273
0.0033409
0.00373769
0.00342307
0.003304
0.00349882
0.00327503
0.00344272
0.003304
0.00349882
0.00319398
0.0036786
0.00342516
0.00372116
0.00353678
0.00393969
0.00354041
0.00361559
0.00363881
0.00337641
0.00336486
0.00341797
0.00371498
0.00379733
0.00359373
0.00322435
0.00340648
0.00372549
0.00347651
0.00387437
0.00304503
0.00362048
0.00433771
0.00500526
0.00418889
0.00440555
0.00436582
0.0043696
0.00403274
0.00354319
0.0043696
0.00405553
0.00437952
0.00340476
0.00404848
0.00461086
0.0042734
0.00392007
0.00510553
0.00427355
0.00421885
0.00373857
0.00394883
0.00392475
0.00433719
0.00372679
0.0039459
0.00424487
0.00346156
0.00433719
0.00528971
0.00334409
0.00366879
0.00383093
0.003719
0.00326954
0.0032003
0.00376812
0.00354843
0.00346854
0.00350296
0.00365123
0.00362452
0.00319775
0.00337813
0.00317148
0.00337071
0.00348835
0.00337532
0.00367066
0.0037509
0.00339751
0.00331959
0.00386056
0.00314893
0.00340267
0.00327889
0.00324587
0.00335918
0.00331094
0.00336808
0.00457721
0.0033401
0.00356228
0.00343744
0.00345835
0.00373418
0.00314102
0.00329113
0.00311882
0.00304767
0.00360716
0.00343407
0.00339836
0.00346537
0.00322395
0.00331335
0.00323424
0.00305979
0.00341971
0.00308523
0.00338114
0.00327815
0.00323089
0.0031148
0.00318642
0.00328331
0.00341115
0.00364146
0.00318478
0.00322644
0.00330492
0.00326879
0.00393731
0.00390161
0.00378242
0.00390161
0.00362988
0.00427202
0.0040682
0.00337677
0.00384507
0.00614466
0.00451223
0.00428532
0.00346706
0.00395563
0.00393435
0.00451223
0.0035438
0.00636627
0.00363502
0.003917
0.00429674
0.00372374
0.00327905
0.00335434
0.00339603
0.00407044
0.00392458
0.00391938
0.00338684
0.0041667
0.00405424
0.0033745
0.00482886
0.00721577
0.00366174
0.00312893
0.0032744
0.00321115
0.0031663
0.00320882
0.00320882
0.00311354
0.00319232
0.00330556
0.00324317
0.00338117
0.00341137
0.00356571
0.00347422
0.00356053
0.00716383
0.00326923
0.00395193
0.00341105
0.00347365
0.00346852
0.00414238
0.00362792
0.00466312
0.0037682
0.00356838
0.00406102
0.00386204
0.00323901
0.00408182
0.00374304
0.00366567
0.00363738
0.00346414
0.00321874
0.00340446
0.00312399
0.00324219
0.00431249
0.00398897
0.00356094
0.00343921
0.00425407
0.00557542
0.00346852
0.00414238
0.00381378
0.00359992
0.00338576
0.00345238
0.00314922
0.0031439
0.00384381
0.00624641
0.00374362
0.00360214
0.00325117
0.00346985
0.00350879
0.00346474
0.00380411
0.00349482
0.00317627
0.00355421
0.00371755
0.00374387
0.0035472
0.00360214
0.00339969
0.00383066
0.00357683
0.00316375
0.00313753
0.00342791
0.00371824
0.00336542
0.00335113
0.00353096
0.00347955
0.00387188
0.0034922
0.00365056
0.00368401
0.00420632
0.00304342
0.00335237
0.00352612
0.00363789
0.00391238
0.00377859
0.00343475
0.00308886
0.00374094
0.00338425
0.00316793
0.00355128
0.00379576
0.00361495
0.00384806
0.00403674
0.00353351
0.00329037
0.00313204
0.00424236
0.00357359
0.00381094
0.00726487
0.00434548
0.00583617
0.00397186
0.00384941
0.0037923
0.00308475
0.00410904
0.00309924
0.00347168
0.00361106
0.00399117
0.00316635
0.00340318
0.00314448
0.00325147
0.00399395
0.00366345
0.00345639
0.00387163
0.00329663
0.00560872
0.00432396
0.0035221
0.00347677
0.00319037
0.00347677
0.00347677
0.00309436
0.00432396
0.00340001
0.0040356
0.00376961
0.00369138
0.0036782
0.00394257
0.00368716
0.00363746
0.00342788
0.00338776
0.0038366
0.00359685
0.0034948
0.00315271
0.00369138
0.00348287
0.00341424
0.00334242
0.00321442
0.00334982
0.00334391
0.00333286
0.0034058
0.00345301
0.0033626
0.00327222
0.00330277
0.00330824
0.00329996
0.00347963
0.00343906
0.00337906
0.00334283
0.00317223
0.00726082
0.0036507
0.00314881
0.00312276
0.00376635
0.00353934
0.00341824
0.00351694
0.00351714
0.00325399
0.00316423
0.00313724
0.00308204
0.00322965
0.00335035
0.00326202
0.00319445
0.00348606
0.00311815
0.00322741
0.00316393
0.00337135
0.00353836
0.00310327
0.00326435
0.00347182
0.00321472
0.00316708
0.00330875
0.00437107
0.0045196
0.00433001
0.00425761
0.00454078
0.00416235
0.00416235
0.00345353
0.00476668
0.00510584
0.00416036
0.00449908
0.0044611
0.00430803
0.00447216
0.00402065
0.0045195
0.00416237
0.00437107
0.00479292
0.0045573
0.00416237
0.00439186
0.00443019
0.00447216
0.00427331
0.00407885
0.0044649
0.00439186
0.0044991
0.00440902
0.00340454
0.00380574
0.00702811
0.00440902
0.0052091
0.00382377
0.00386173
0.00374855
0.00382004
0.00357921
0.00386518
0.00377759
0.00384234
0.00395339
0.00360674
0.0040629
0.00377108
0.00365076
0.00368693
0.00355016
0.00377896
0.00360674
0.00356108
0.00368693
0.00355016
0.00370111
0.0035792
0.0035792
0.00368693
0.00555392
0.00414326
0.00555392
0.00355753
0.00501141
0.00382489
0.00382151
0.0032715
0.00396643
0.00364801
0.00342915
0.00433438
0.00319181
0.0035491
0.00333246
0.00376659
0.00322827
0.00413957
0.00341929
0.00341343
0.00348828
0.0033335
0.00363528
0.0037715
0.00318555
0.00338366
0.0043749
0.00316887
0.00383109
0.00346687
0.00346765
0.00332453
0.00384679
0.00446873
0.00359839
0.00352947
0.00346305
0.00318978
0.00327069
0.00340702
0.0032519
0.0035345
0.00329039
0.00333215
0.00376823
0.00343201
0.00336262
0.00431754
0.0035162
0.00366707
0.00345892
0.00348709
0.00348686
0.00348709
0.00348709
0.00348709
0.00348783
0.00348709
0.00365727
0.00348713
0.00376823
0.00343201
0.00336262
0.00431754
0.0035162
0.00366707
0.00345892
0.00348709
0.00348686
0.00348709
0.00348709
0.00348709
0.00351605
0.00317531
0.00320051
0.00339527
0.0031715
0.0038124
0.00363285
0.00361037
0.00317534
0.0033737
0.00596891
0.00381286
0.00318721
0.00361474
0.00335876
0.0031949
0.00321205
0.00371874
0.00381287
0.00317096
0.00340186
0.00394196
0.00317926
0.00336421
0.00340406
0.00381286
0.00334244
0.00355579
0.00322661
0.00381286
0.0033607
0.00340814
0.00346993
0.00334178
0.00352383
0.00353444
0.00336919
0.00345095
0.00405819
0.00350113
0.00343971
0.00313432
0.0036113
0.00326088
0.00363323
0.00346377
0.00322489
0.00405819
0.00387578
0.00360544
0.0033713
0.00469305
0.00381003
0.00304437
0.00308096
0.00337247
0.00345877
0.00358075
0.00292895
0.00362414
0.00329115
0.00414812
0.00381454
0.00308536
0.0035273
0.00362013
0.00369948
0.00370668
0.00370485
0.00364468
0.00342872
0.0036104
0.00343269
0.00364461
0.00372738
0.00364461
0.00325256
0.00361318
0.00356335
0.00349879
0.00361696
0.00374975
0.00333766
0.00325748
0.00378215
0.00352788
0.00364468
0.00361318
0.00375611
0.00364221
0.00349463
0.00329681
0.00349879
0.00362569
0.00361696
0.00364461
0.00376521
0.00353091
0.00367982
0.00344823
0.00332627
0.00383793
0.00344863
0.00349954
0.0035917
0.00372762
0.00451104
0.00747416
0.00348049
0.0037231
0.00349374
0.00349954
0.00330768
0.00545852
0.00301446
0.0036964
0.00478028
0.00334258
0.00664845
0.00307552
0.00350899
0.00655726
0.00342319
0.00337519
0.00335273
0.00330998
0.00312988
0.00327035
0.00319388
0.00327035
0.00324056
0.00333474
0.00335882
0.00314188
0.00313723
0.00351151
0.00339193
0.00319669
0.00376692
0.00348039
0.00362857
0.00353306
0.00354779
0.00367798
0.0033958
0.00341575
0.00324901
0.0034314
0.00377134
0.00327751
0.00381898
0.00366363
0.00362529
0.00392633
0.00360979
0.00317227
0.00320122
