0.00219522
0.00219648
0.00274248
0.00260411
0.00248059
0.0020372
0.00241229
0.00194585
0.00257742
0.00210693
0.00215948
0.00201306
0.00204213
0.00261408
0.00216031
0.00214308
0.00246816
0.00260411
0.00256494
0.00245647
0.00276355
0.00214974
0.00208449
0.00246816
0.00249086
0.00191408
0.00213561
0.00250678
0.00203313
0.00212559
0.00229622
0.00232448
0.00207129
0.00276659
0.00319009
0.00266251
0.00217633
0.00261833
0.00229221
0.0028044
0.00309648
0.00222025
0.003155
0.00298216
0.00216056
0.00281339
0.00304987
0.00264234
0.0028628
0.00293538
0.00271077
0.00297563
0.00217669
0.0028092
0.00218409
0.00241487
0.00316341
0.00347509
0.00282145
0.00213636
0.00236935
0.00249944
0.00272368
0.00240205
0.0025411
0.00274073
0.00254655
0.00262525
0.00210393
0.00571667
0.0031278
0.00328669
0.00222456
0.00237442
0.00242956
0.00244217
0.00238642
0.00207501
0.00268971
0.00431006
0.00225879
0.002198
0.00270321
0.00262147
0.00250343
0.00249062
0.00211206
0.00225763
0.00248708
0.00270788
0.00288704
0.00267659
0.00267659
0.00261061
0.00286451
0.00288704
0.00286471
0.00272671
0.00267659
0.00260622
0.00288704
0.00281426
0.00238567
0.00288704
0.00268102
0.00267659
0.00272671
0.00272671
0.0038271
0.00211432
0.00388555
0.0023939
0.00203959
0.00274129
0.00232503
0.00247372
0.00300466
0.00309538
0.00204221
0.00280237
0.00346106
0.00203617
0.00199306
0.00230881
0.0019466
0.00247748
0.00210742
0.00205819
0.00245617
0.00270752
0.0021493
0.00294366
0.00196055
0.00201239
0.00190008
0.00202305
0.00194867
0.00296869
0.00226086
0.00249731
0.00282281
0.00218686
0.00206523
0.00267368
0.00334538
0.00403214
0.00358754
0.00443837
0.00348203
0.00312606
0.00380309
0.00232886
0.00582657
0.0035136
0.00239773
0.00313297
0.00213541
0.00259519
0.0026257
0.0024001
0.00236379
0.00305972
0.00401099
0.00234408
0.00252919
0.00265603
0.00255736
0.00276941
0.00459863
0.00248232
0.00250269
0.00265136
0.00293604
0.00297674
0.00247038
0.00275687
0.00222061
0.00215648
0.002214
0.00245143
0.00249409
0.00242668
0.00284574
0.00242558
0.0027298
0.00228698
0.00252669
0.00216019
0.00334205
0.00241293
0.00256167
0.00297931
0.00230365
0.00304736
0.0025713
0.00320272
0.00263512
0.00219989
0.00275899
0.00262923
0.00263857
0.00225397
0.00242098
0.00226963
0.00303603
0.00289567
0.00242478
0.00253583
0.00293533
0.00304565
0.00258743
0.00298949
0.00251195
0.00269838
0.00264391
0.00297028
0.0024384
0.00258633
0.00259319
0.0025427
0.0025717
0.00242908
0.00218297
0.0023908
0.00255044
0.00281075
0.00252892
0.00227058
0.00287926
0.0021927
0.00261894
0.00228899
0.00266653
0.00250377
0.00275169
0.00273307
0.00279251
0.00279251
0.00279251
0.00269305
0.00269422
0.0036363
0.0026014
0.0027091
0.00262757
0.00255601
0.00242464
0.00282607
0.00265835
0.00293551
0.00289363
0.00275148
0.00254478
0.00253538
0.00212954
0.0025738
0.00309215
0.00277056
0.00288727
0.00269857
0.00308797
0.00244005
0.00238285
0.0022942
0.00267958
0.00271833
0.00277134
0.00234352
0.00239253
0.00301909
0.00212049
0.0028272
0.00287945
0.00211364
0.00242664
0.0024636
0.00255479
0.00224592
0.0024815
0.00293274
0.00331186
0.00230907
0.00292209
0.00235023
0.00269232
0.00283622
0.00238285
0.00306365
0.00257513
0.00224673
0.00259464
0.00248534
0.00262992
0.00503599
0.00192824
0.00250554
0.00225506
0.00349031
0.00252707
0.00247772
0.00209381
0.00267718
0.00243776
0.00211076
0.00204005
0.00250146
0.0021712
0.00278589
0.00249023
0.00228698
0.0027816
0.00234819
0.00223883
0.00304614
0.0028383
0.00257426
0.00270246
0.00306428
0.00337053
0.00284546
0.00279479
0.00204409
0.00288408
0.00211844
0.00216314
0.0025993
0.00223709
0.00204631
0.00223216
0.00257989
0.00205818
0.00201016
0.00213116
0.00260902
0.00225358
0.00230691
0.00247429
0.00260325
0.00254212
0.00247515
0.0025839
0.00239761
0.00265704
0.00194511
0.00211095
0.00218765
0.00221234
0.0019734
0.00258694
0.00192429
0.0021734
0.00210625
0.00210329
0.00204988
0.00212661
0.00198035
0.00199932
0.00191372
0.00218572
0.00237856
0.00244314
0.00339698
0.00212456
0.00219042
0.00269355
0.00223321
0.00225378
0.00242056
0.00223841
0.00440348
0.0034138
0.00253639
0.00208301
0.00228797
0.00239754
0.00624862
0.00225642
0.0028927
0.00241663
0.00246425
0.00238224
0.0024015
0.0022864
0.00279994
0.00223075
0.00276483
0.00265458
0.0023366
0.00258033
0.00232329
0.00250191
0.00245004
0.00552628
0.00255754
0.00236943
0.00243744
0.00288471
0.00367973
0.00259857
0.00305711
0.00244849
0.00233141
0.00247156
0.00285764
0.00250285
0.0029264
0.00231724
0.00223334
0.0030648
0.00306075
0.00267839
0.00285564
0.00260295
0.00344271
0.00334884
0.00344271
0.00351919
0.0042632
0.0042632
0.0034957
0.0042632
0.00284614
0.00321646
0.00311958
0.00321646
0.00321075
0.00321646
0.00320784
0.0026071
0.00334884
0.0042632
0.00321646
0.00236678
0.00224922
0.00246906
0.00226802
0.00227306
0.00240164
0.00228949
0.00202103
0.00352297
0.00392427
0.00208285
0.00268612
0.00251431
0.00211245
0.00247838
0.00312839
0.002755
0.00230406
0.0034067
0.00243743
0.0025665
0.00237119
0.0028589
0.00331937
0.00272942
0.00328735
0.00284914
0.00240702
0.00270788
0.0026261
0.00299489
0.00297712
0.00239754
0.00234617
0.00234225
0.00308882
0.00279761
0.00330756
0.0029329
0.00308227
0.00311028
0.00294285
0.00328667
0.00297911
0.00288351
0.00226998
0.00222402
0.00221258
0.00239959
0.00291177
0.0026567
0.00279579
0.00232326
0.00211742
0.00313247
0.00249448
0.00278914
0.00272295
0.0027358
0.00269459
0.00265934
0.00255717
0.0023101
0.00234803
0.00265809
0.00275189
0.00247551
0.00289255
0.00268801
0.00295024
0.00286891
0.0027034
0.0025405
0.00292493
0.00319127
0.00282799
0.00295223
0.00295127
0.00296201
0.00270076
0.00209259
0.00232225
0.00299244
0.00291572
0.00245639
0.00205673
0.0030115
0.00250074
0.00206589
0.00344607
0.00210548
0.00229865
0.00220133
0.00219666
0.00202497
0.0024896
0.00241574
0.00261937
0.00255756
0.00328172
0.00214513
0.00240881
0.00229677
0.00214095
0.0024014
0.00380183
0.0027923
0.00260699
0.00242756
0.00239991
0.00241889
0.0019847
0.00197823
0.00233398
0.00241476
0.0024668
0.002116
0.00221063
0.00226291
0.00228142
0.00212727
0.00254536
0.00219888
0.00207932
0.00272633
0.00287879
0.00205573
0.00224249
0.00205483
0.00259052
0.00220272
0.0025948
0.00262618
0.00201472
0.00278257
0.00349808
0.002779
0.00326812
0.00300413
0.00244038
0.00267467
0.00241496
0.00281271
0.00304436
0.00258785
0.0021251
0.00217068
0.00295566
0.0025617
0.00225978
0.00202768
0.00249634
0.00257892
0.00243559
0.00207965
0.00462614
0.0021934
0.00207965
0.00234568
0.00230013
0.00248214
0.00213921
0.00245002
0.0022735
0.00226959
0.00211783
0.00217164
0.00247609
0.00243538
0.0033125
0.0030808
0.00266656
0.00246544
0.00213179
0.00219689
0.00222613
0.00213214
0.00201634
0.00288524
0.00234715
0.0020763
0.00247383
0.00221941
0.00220526
0.00207717
0.00210517
0.00250683
0.00205415
0.00214335
0.00240912
0.00219014
0.00247843
0.00276607
0.00263365
0.00475762
0.00203134
0.00196774
0.00315039
0.00267054
0.00231864
0.00251788
0.00244872
0.00238456
0.00261111
0.00365063
0.00220717
0.00248012
0.00234063
0.00261549
0.0023113
0.00258355
0.00235973
0.00276109
0.00234604
0.00207019
0.00290964
0.00271578
0.00317239
0.00238409
0.00244486
0.00254728
0.00257307
0.00215063
0.00213265
0.00233219
0.00223024
0.00308967
0.00226145
0.00229877
0.00230897
0.00224576
0.00223368
0.00226433
0.00219318
0.00359681
0.00242305
0.0027091
0.00260231
0.0022827
0.00226757
0.00238624
0.00248481
0.00263365
0.00233651
0.00274752
0.00241517
0.00237593
0.00239759
0.00225174
0.00239957
0.00262933
0.00243854
0.00245259
0.00212794
0.00290812
0.00274189
0.00236044
0.0022577
0.00222866
0.00242035
0.00227669
0.00256361
0.00265354
0.00218466
0.00248446
0.00216307
0.00215642
0.00229591
0.00235472
0.00271837
0.00297681
0.00291957
0.00244794
0.00252124
0.00209063
0.00221041
0.00194674
0.00244527
0.00257395
0.00289479
0.00244931
0.0026868
0.00299237
0.0026868
0.00282848
0.00236262
0.00239234
0.00253514
0.00262811
0.00212998
0.00417645
0.00230286
0.00429448
0.00427786
0.00592079
0.00264762
0.00503551
0.0034474
0.00252448
0.00303712
0.00225894
0.00273104
0.00256703
0.0020774
0.00592079
0.00251451
0.00255517
0.00269987
0.00254059
0.00218345
0.00286248
0.00290779
0.002314
0.00243774
0.00213184
0.00235285
0.00254241
0.0021563
0.00294872
0.00244734
0.00324337
0.00344416
0.00206005
0.00409015
0.00200263
0.00220815
0.0021745
0.00200276
0.00235384
0.00200348
0.00211007
0.00447835
0.00208481
0.002315
0.00277686
0.00299044
0.00205179
0.00248177
0.00240206
0.00282302
0.00249035
0.00206472
0.00222976
0.00283922
0.00291477
0.00304707
0.00308864
0.00319068
0.00265676
0.00311121
0.00289646
0.002385
0.00211595
0.00234635
0.00279198
0.00232328
0.00285364
0.00230465
0.00230617
0.00219569
0.00213358
0.00211096
0.00382259
0.00257372
0.00270071
0.00269272
0.00224719
0.00206818
0.00370946
0.00226236
0.00192422
0.00229137
0.00231487
0.00197204
0.00221358
0.00235893
0.00237392
0.00250438
0.00251103
0.00245558
0.00269826
0.00250438
0.00195967
0.00194001
0.00193356
0.00236021
0.00234139
0.0024969
0.00253248
0.00210578
0.0026498
0.00208827
0.00261071
0.00222403
0.00261071
0.00208597
0.00220243
0.00274401
0.00205133
0.00275979
0.00213108
0.00245911
0.00305313
0.00264329
0.0021534
0.00216123
0.00233677
0.0024513
0.00209367
0.00221315
0.00238501
0.00229795
0.00270916
0.00226781
0.00240751
0.00235109
0.00221837
0.00228668
0.00253106
0.00213556
0.00245855
0.00434562
0.00288618
0.00326514
0.0026178
0.00273463
0.00290361
0.00290361
0.00292634
0.00223851
0.00262842
0.00225464
0.00253924
0.00245086
0.0029827
0.00228785
0.00240374
0.00357064
0.00247773
0.00314921
0.00297392
0.00304554
0.00311803
0.00335049
0.00257671
0.00245602
0.00239874
0.00215851
0.00206405
0.00229358
0.00277532
0.00234336
0.00278586
0.00236706
0.00265289
0.00214239
0.00257449
0.00220639
0.00224246
0.00274803
0.00314916
0.00273465
0.00229779
0.00314916
0.00273465
0.00285247
0.00284315
0.00292934
0.00287069
0.00279172
0.00351059
0.00251123
0.00209612
0.00278712
0.00262283
0.00232569
0.00221232
0.00248915
0.00227212
0.00255494
0.00208445
0.00238619
0.00212759
0.00248381
0.00314601
0.0035865
0.00277713
0.0027016
0.00225378
0.00287184
0.00279295
0.00224533
0.00337088
0.00253777
0.00274145
0.00220302
0.00285678
0.00226062
0.00221634
0.0023243
0.00216209
0.00208486
0.00222557
0.00219203
0.00228232
0.00279156
0.00235911
0.00239141
0.00215244
0.00220592
0.00240499
0.00237646
0.00240934
0.00227074
0.00221482
0.00245919
0.00246261
0.00230385
0.00247325
0.00200146
0.00207183
0.00224435
0.00204456
0.0021151
0.00214172
0.00201247
0.00216436
0.00279059
0.00195088
0.00249239
0.0022054
0.00278034
0.00396405
0.00264998
0.00228849
0.00214077
0.00220222
0.00227944
0.00341932
0.0025686
0.00213509
0.00370937
0.00225465
0.00229727
0.00214741
0.00304987
0.0028251
0.00263745
0.00278901
0.00305166
0.00310114
0.00294824
0.00285439
0.00259267
0.00270203
0.00249206
0.00235058
0.00228456
0.002528
0.00225438
0.00222029
0.00227476
0.00229892
0.00375504
0.00249692
0.00297536
0.00222005
0.00242824
