0.00289455
0.00275532
0.00313165
0.00246302
0.00426748
0.00284352
0.00238249
0.00226986
0.0032966
0.00224753
0.00265572
0.00236117
0.00224181
0.00226943
0.00231922
0.00214881
0.00218412
0.00239794
0.00233244
0.00218055
0.00224909
0.00225398
0.00218067
0.00233641
0.0022967
0.00210278
0.00233311
0.0022763
0.0022648
0.00236668
0.00222856
0.00223016
0.00221436
0.00220278
0.00222923
0.00229599
0.0023115
0.00224374
0.00210008
0.00251893
0.00239985
0.00238731
0.00223057
0.00220395
0.00215377
0.00232253
0.00232992
0.00224848
0.00253973
0.00227262
0.00218091
0.00244682
0.00242205
0.00230923
0.00204506
0.00213468
0.00223795
0.00235989
0.00239171
0.00218681
0.0020961
0.0025223
0.0020047
0.00221846
0.00231696
0.00257219
0.00260055
0.00221251
0.00226438
0.00236168
0.00251735
0.00231993
0.00356983
0.0024928
0.00224437
0.00233008
0.00219617
0.0034467
0.00215534
0.00292152
0.0022116
0.00259764
0.0021873
0.00218312
0.00236716
0.00203903
0.00215043
0.00281365
0.00226976
0.00273071
0.0023208
0.00268301
0.00242632
0.00239302
0.00216759
0.00268301
0.00253314
0.00241198
0.00251164
0.00234803
0.0026018
0.0023603
0.00228287
0.00234859
0.00228586
0.00248674
0.00217212
0.00217542
0.00227305
0.00245843
0.00230796
0.00247899
0.00261312
0.00215094
0.00260621
0.0022754
0.00232215
0.00268482
0.00223444
0.0025574
0.00259515
0.00214156
0.00256255
0.00251977
0.00226655
0.00307098
0.00229234
0.00246953
0.00245132
0.00250715
0.00252184
0.00221726
0.00272277
0.00216965
0.00219748
0.00236467
0.00239861
0.00231116
0.00213638
0.00233874
0.00245291
0.00232317
0.00257437
0.00365039
0.00278664
0.00223829
0.002192
0.00239385
0.00222869
0.00214723
0.00224065
0.0023023
0.00219918
0.0021628
0.00217165
0.00242605
0.00227103
0.00225493
0.00225493
0.00244312
0.002337
0.0021533
0.00206715
0.00214952
0.00233187
0.00228444
0.00234832
0.002901
0.0021853
0.00238733
0.00248283
0.00252393
0.00242886
0.00283217
0.00218541
0.00260014
0.00243846
0.0021382
0.00224632
0.00269231
0.00215246
0.00220639
0.00300721
0.00211616
0.00250595
0.00252871
0.00273603
0.0026125
0.00209876
0.00259374
0.00236283
0.00270922
0.00209853
0.00271739
0.00215213
0.00249913
0.00285974
0.00244761
0.00252137
0.0026025
0.00213972
0.0025586
0.00287343
0.00243642
0.0025319
0.00253943
0.0024596
0.00230389
0.00281408
0.00233257
0.0023792
0.00276397
0.00276288
0.00275378
0.00260402
0.00277702
0.00204583
0.0024349
0.00270723
0.00248973
0.00291285
0.00249643
0.00270762
0.00246957
0.00256537
0.00235931
0.00295679
0.0025268
0.00286521
0.00243265
0.00227407
0.00233132
0.00250236
0.0021863
0.00248959
0.0024652
0.00228979
0.00220281
0.0021324
0.00233798
0.00252147
0.00218951
0.00211649
0.00205103
0.0020713
0.00205103
0.0020713
0.00231926
0.00232943
0.0024236
0.00278173
0.00219231
0.00231926
0.00228619
0.0024022
0.00240457
0.00232154
0.00208259
0.00212367
0.00239826
0.00229592
0.00275122
0.00241173
0.00234467
0.00267909
0.00233929
0.0024792
0.00230248
0.0024177
0.00254866
0.00239754
0.00261735
0.00214265
0.00271326
0.00229555
0.00232107
0.00225984
0.00229385
0.00226805
0.00216514
0.00229385
0.00231258
0.00227069
0.00217855
0.00231042
0.00219981
0.00235838
0.00226602
0.00229471
0.00226428
0.00246562
0.0022139
0.00219379
0.00283669
0.00240402
0.0022301
0.00231203
0.00227246
0.00223269
0.00257892
0.00230407
0.00219586
0.00224035
0.00257692
0.00227817
0.00241762
0.00214269
0.00254564
0.00232933
0.00398366
0.00222712
0.00221252
0.00250245
0.00239191
0.00215319
0.00215672
0.00250245
0.00235177
0.00257085
0.00284291
0.00259111
0.00229442
0.00276982
0.00347551
0.00346951
0.0026964
0.00263851
0.00244024
0.00334836
0.00239997
0.00239997
0.00383175
0.00258199
0.00231058
0.00247513
0.00202735
0.00223791
0.00241151
0.00221549
0.00234019
0.00254414
0.00220926
0.00207718
0.00256526
0.00212957
0.00203465
0.00247331
0.00230687
0.00229693
0.00242614
0.00230366
0.00227361
0.00230009
0.00223459
0.00235865
0.00225242
0.00262292
0.00233587
0.00224729
0.00242753
0.00221742
0.00229128
0.00224729
0.0023521
0.00215896
0.00227499
0.00215857
0.00231473
0.00219223
0.00235766
0.0022288
0.00229866
0.00225391
0.00215308
0.00213498
0.00213417
0.00232397
0.00235619
0.00229339
0.00210387
0.00218082
0.00233726
0.00217493
0.00234582
0.00198112
0.00221101
0.00267013
0.00376391
0.00285956
0.00294598
0.00296398
0.00295795
0.00291447
0.00218996
0.00295795
0.00283636
0.00296983
0.00231103
0.0027759
0.00309103
0.00294514
0.00246201
0.00349239
0.00288891
0.00319972
0.00256714
0.00256942
0.00264127
0.00294767
0.00253815
0.0024435
0.00291121
0.00239401
0.00294767
0.00394175
0.00225284
0.00244404
0.00239415
0.00250528
0.00216949
0.00210696
0.00245274
0.00236927
0.00225943
0.0023431
0.00226249
0.00224815
0.00213184
0.00226787
0.00207283
0.00233518
0.00230723
0.00220605
0.0024678
0.00232905
0.00222063
0.00217181
0.00267735
0.00207182
0.00230916
0.00217542
0.00214505
0.00224542
0.00224007
0.00216712
0.00303235
0.00224758
0.00237474
0.00232171
0.00228672
0.00249754
0.0021487
0.00224505
0.00208206
0.00209969
0.0023652
0.00233909
0.00232575
0.00234384
0.00214441
0.00223538
0.0022316
0.00203661
0.00235137
0.00205402
0.00221293
0.00220916
0.00221575
0.00211086
0.00210911
0.00223481
0.00223068
0.00238829
0.00218201
0.00220499
0.00225013
0.00222598
0.00251552
0.00249178
0.00249404
0.00249178
0.00240806
0.00248327
0.00248588
0.00210341
0.00265803
0.00428398
0.00268313
0.00288297
0.00219227
0.00254642
0.00270317
0.00268313
0.00241067
0.00411255
0.00216556
0.00243407
0.00260595
0.00229249
0.00206385
0.00215035
0.00212377
0.00257815
0.0022631
0.0023788
0.00210503
0.00241947
0.00262316
0.00214167
0.00269135
0.00524515
0.0024169
0.00208696
0.00230265
0.00213454
0.00211103
0.00217129
0.00217129
0.00208096
0.00213049
0.00220536
0.00214344
0.00217755
0.00233114
0.00237138
0.00230788
0.0023667
0.00486388
0.00222428
0.00278895
0.00221421
0.00235916
0.00245226
0.00268601
0.00243141
0.00376011
0.00256378
0.00243548
0.00296701
0.0024561
0.00218122
0.00270866
0.00268178
0.0024454
0.00237166
0.00221163
0.00215058
0.00231436
0.00209826
0.00216848
0.00305424
0.00283389
0.00242996
0.00228043
0.00307356
0.00420328
0.00245226
0.00268601
0.00263618
0.00242498
0.00216993
0.00228956
0.00208643
0.00209765
0.00300302
0.00546154
0.0025462
0.00245107
0.00211742
0.00237606
0.00238154
0.00228506
0.00243738
0.00235583
0.00214189
0.00242967
0.00253351
0.00231861
0.0023977
0.00245107
0.00225182
0.0024281
0.00244707
0.00214866
0.00215356
0.00225885
0.00253375
0.00233785
0.00211756
0.00231628
0.00216769
0.00220999
0.00217643
0.00218153
0.00251111
0.00229545
0.00199163
0.00215677
0.00215425
0.00219276
0.00232615
0.00236344
0.00227546
0.00197299
0.00237131
0.00215372
0.00207914
0.00213695
0.00245378
0.00227981
0.00234936
0.00252679
0.00216288
0.00214629
0.0019291
0.00268635
0.00222118
0.00239258
0.00638321
0.00280374
0.00380732
0.00255404
0.00255742
0.00238239
0.00207144
0.00271468
0.00209321
0.00222211
0.00230672
0.00242048
0.00210483
0.00223229
0.00207396
0.00213732
0.00277887
0.00259587
0.00243544
0.00259463
0.00233645
0.00537031
0.00323404
0.00245655
0.00251676
0.00222029
0.00251676
0.00251676
0.00215179
0.00323404
0.00252967
0.00271654
0.00283057
0.0024367
0.00248029
0.0027459
0.00264341
0.00260429
0.00241902
0.00238005
0.002657
0.00244877
0.00240885
0.00215647
0.0024367
0.00239892
0.0022427
0.00221671
0.0021407
0.00216249
0.0022247
0.00223043
0.00225723
0.00236036
0.00232902
0.00223975
0.00226421
0.00222171
0.00224901
0.00233825
0.00233588
0.00230809
0.00228802
0.00228802
0.00608838
0.0024407
0.00211348
0.00219529
0.00233673
0.00243792
0.00220755
0.00225666
0.00238152
0.00224302
0.00214302
0.0021224
0.00205241
0.0022029
0.0022889
0.00220584
0.00216464
0.00227969
0.00209286
0.00211393
0.00203667
0.00218424
0.00234462
0.0020613
0.0021021
0.00238233
0.00209573
0.00210451
0.00209389
0.00302513
0.00282932
0.00284974
0.00279298
0.00297379
0.00285717
0.00285717
0.00227773
0.00312284
0.0033718
0.00268211
0.00276566
0.00279842
0.0029802
0.00303991
0.0025908
0.00289904
0.00285718
0.00302513
0.00294428
0.00297881
0.00294557
0.00288521
0.00294227
0.00303991
0.00280782
0.00268057
0.00282849
0.00288521
0.00300347
0.00323894
0.00212359
0.00248734
0.00509332
0.00323894
0.0038678
0.00252297
0.00260454
0.00253465
0.00260454
0.0024167
0.00256231
0.00252746
0.00246519
0.00267304
0.00246469
0.00269941
0.00244685
0.00252561
0.00253189
0.00247991
0.00252729
0.00246469
0.00252561
0.00253189
0.00247991
0.00249122
0.0024167
0.0024167
0.00253189
0.00373093
0.00257277
0.00373093
0.00234871
0.00332966
0.00252556
0.00261364
0.00215599
0.00258147
0.00238374
0.00221208
0.00317669
0.00213777
0.0022707
0.00218206
0.00269659
0.00210456
0.00277527
0.00223559
0.00232078
0.00240994
0.00209571
0.00238409
0.00226255
0.00216857
0.00218669
0.00265481
0.00210029
0.0022887
0.00227468
0.00228123
0.00217938
0.00244585
0.00277751
0.00228465
0.0023276
0.00228159
0.00212071
0.00212861
0.00231362
0.00212211
0.00236735
0.00208722
0.00215952
0.00251622
0.00226249
0.00218862
0.0026824
0.00224398
0.00233224
0.00219781
0.00224091
0.00222241
0.00224091
0.00224091
0.00224091
0.00224133
0.00224091
0.00233124
0.00224093
0.00251622
0.00226249
0.00218862
0.0026824
0.00224398
0.00233224
0.00219781
0.00224091
0.00222241
0.00224091
0.00224091
0.00224091
0.00241586
0.00214714
0.00216179
0.0022047
0.00213026
0.00228632
0.00251254
0.00236525
0.0021805
0.00231827
0.00451564
0.00265551
0.00219232
0.00240598
0.00230197
0.00218204
0.00218365
0.00238588
0.00265552
0.00222594
0.00234266
0.00264018
0.00219371
0.0023771
0.00229346
0.00265551
0.00242521
0.00251656
0.00216909
0.00265551
0.00231756
0.00240851
0.00244814
0.00221614
0.00225001
0.00241546
0.00221678
0.00242436
0.00260511
0.00256788
0.00220887
0.00212859
0.00238551
0.00229268
0.00237743
0.00219857
0.00223065
0.00260511
0.00249653
0.00235874
0.00228624
0.00263583
0.002494
0.00206582
0.00209711
0.00222943
0.00234088
0.00238476
0.00196641
0.00246395
0.00230019
0.00295584
0.00246261
0.00208156
0.00237249
0.00252092
0.00256187
0.00246985
0.00231971
0.00244083
0.00223645
0.00225746
0.00227673
0.00238951
0.00232721
0.00238951
0.0021471
0.0023623
0.00235233
0.00230852
0.00245959
0.00236723
0.00220903
0.0021666
0.00237857
0.00234906
0.00244083
0.0023623
0.00250954
0.00238278
0.00220384
0.00217359
0.00230852
0.0023903
0.00245959
0.00238951
0.00268878
0.00223721
0.0024818
0.00224596
0.0022371
0.00263513
0.00225525
0.00235142
0.00235353
0.00244307
0.0032777
0.00586044
0.00219947
0.00246623
0.00229541
0.00247452
0.00224636
0.00361957
0.00204936
0.00226569
0.00348953
0.00230766
0.00429687
0.0020392
0.0025119
0.00453487
0.00221386
0.00215663
0.00203813
0.00215663
0.00200002
0.00215856
0.00213705
0.00215856
0.00210448
0.00220168
0.00219855
0.00207476
0.00209702
0.00218705
0.00230032
0.00218135
0.00251223
0.0022587
0.00239013
0.00234481
0.00231872
0.00237499
0.00217675
0.00225949
0.00215837
0.00238347
0.00243603
0.00212623
0.00234525
0.00263582
0.00245393
0.00259723
0.00238778
0.00204862
0.00210196
