0.00269907
0.00259518
0.0028859
0.00258605
0.00417975
0.0027967
0.00255078
0.0024676
0.00312816
0.00245759
0.00272082
0.00251314
0.00253466
0.00256284
0.00254857
0.00256547
0.0026332
0.0026785
0.00262528
0.00265102
0.0025933
0.00262366
0.00258945
0.00266362
0.00265458
0.00249395
0.00271348
0.00266284
0.00262226
0.00278503
0.00261781
0.0026068
0.00255128
0.00261304
0.00265362
0.00254986
0.00250235
0.00240835
0.00237787
0.00265918
0.00241402
0.00253295
0.00253053
0.00241422
0.00240848
0.00247177
0.0025427
0.00246855
0.00243029
0.00250999
0.00245396
0.0024444
0.00253628
0.00250891
0.00227478
0.00232778
0.0024574
0.00268817
0.00262056
0.00248234
0.00239771
0.00258554
0.00236363
0.00241113
0.00256354
0.00255203
0.00276796
0.00252392
0.00232962
0.00253471
0.00257906
0.00243166
0.00332094
0.00257165
0.00240339
0.0023673
0.00252692
0.00337651
0.00239817
0.00276135
0.00244316
0.00264518
0.00249962
0.00248357
0.00258803
0.00229062
0.00222608
0.00287976
0.00250418
0.00277979
0.00246514
0.00276055
0.00251705
0.00258481
0.00233599
0.00276055
0.00253223
0.00246574
0.00271503
0.00261883
0.00262109
0.00263159
0.00255612
0.00246743
0.00253594
0.00257579
0.00244474
0.00241002
0.00254616
0.00256547
0.00249184
0.00261437
0.00256644
0.00238075
0.00270055
0.00253652
0.00249423
0.00255478
0.00247448
0.00268743
0.00253418
0.00237979
0.00252264
0.00262189
0.00249023
0.00289492
0.00243862
0.00259291
0.00256239
0.00257962
0.00282499
0.002391
0.00251632
0.00236132
0.00240427
0.00254432
0.00233717
0.00242152
0.00238255
0.00251681
0.00256349
0.00251532
0.00267721
0.00363025
0.00278132
0.00244608
0.00245164
0.00268144
0.00241391
0.00250063
0.00260688
0.00267222
0.00249364
0.00242519
0.00242367
0.00259837
0.00260756
0.00251734
0.00251734
0.00257367
0.00262122
0.00233274
0.00235742
0.00235697
0.00259791
0.00249697
0.00258487
0.00293568
0.00236697
0.00268522
0.00239523
0.00268074
0.00254358
0.0029489
0.00246964
0.00270328
0.00269305
0.00243009
0.00245413
0.00273884
0.00245259
0.00251532
0.00295261
0.00241784
0.00258105
0.00272114
0.00276597
0.00254904
0.00241665
0.00307189
0.00242549
0.00293498
0.00230163
0.00259006
0.00242315
0.00263918
0.00279273
0.00246545
0.00249634
0.00258545
0.00244901
0.00246813
0.00285878
0.00263522
0.00262279
0.00264679
0.00254731
0.00245741
0.00278324
0.00259736
0.00252027
0.00272125
0.00279633
0.00258383
0.00260925
0.00282419
0.00237174
0.00251276
0.00281866
0.00252482
0.00281737
0.00257322
0.00272596
0.00267164
0.00271934
0.0024844
0.00289997
0.0027097
0.00285878
0.00247741
0.00246322
0.00247782
0.00265873
0.00241084
0.00251344
0.00258484
0.00250049
0.00243128
0.00240389
0.00249171
0.00250909
0.00240245
0.0023689
0.00233657
0.00236252
0.00233657
0.00236252
0.00249171
0.00251295
0.00250981
0.00280903
0.00250828
0.00249171
0.00252764
0.00261024
0.00266399
0.00248367
0.00231676
0.00229427
0.00247927
0.00255734
0.00275648
0.00254
0.00261058
0.00275645
0.00243157
0.00253586
0.00245225
0.00257802
0.0026379
0.00259334
0.00267412
0.0024214
0.00286877
0.0026409
0.00239681
0.00243367
0.00260386
0.00251436
0.00251162
0.00260386
0.00251553
0.00255892
0.00248155
0.00265418
0.00250344
0.00266013
0.00265283
0.002524
0.00256791
0.00266712
0.00251264
0.00244637
0.00292134
0.00268527
0.00258858
0.00257054
0.00260069
0.00253298
0.00264208
0.00262391
0.00250841
0.00255878
0.00273814
0.00264137
0.00260116
0.00255817
0.00273174
0.00249403
0.00385673
0.00251882
0.00244121
0.00271472
0.00256751
0.00239573
0.00246596
0.00271472
0.00245812
0.00257108
0.00275487
0.00269429
0.00249875
0.00272699
0.00328174
0.00284684
0.00281201
0.00282369
0.00258939
0.00320208
0.00266946
0.00266946
0.00344748
0.00270142
0.00247877
0.00267584
0.00228069
0.00240725
0.00258231
0.00248578
0.00246271
0.00261652
0.00244531
0.00219812
0.00273755
0.00233309
0.00231221
0.00245873
0.00242388
0.00241204
0.00258084
0.0025451
0.00247994
0.00246445
0.00237467
0.00254541
0.00238564
0.00249809
0.00246739
0.00237662
0.00252865
0.00238457
0.00237915
0.00237662
0.00252865
0.00234811
0.00246108
0.00240927
0.00245579
0.00238505
0.0025318
0.00248191
0.00250517
0.00253186
0.00242363
0.00241848
0.00237524
0.00261033
0.00245157
0.00249466
0.00229107
0.00249519
0.00249377
0.00245843
0.00248596
0.00231647
0.00245491
0.00273763
0.003316
0.00303899
0.00280758
0.0028819
0.00284852
0.00266489
0.00236349
0.00284852
0.00299847
0.00285419
0.00246646
0.00276258
0.00291378
0.00276879
0.0025435
0.00314582
0.00274386
0.00294575
0.00269703
0.00276007
0.00262599
0.00288456
0.00263296
0.0025373
0.00300526
0.00250954
0.00288456
0.00326663
0.00247971
0.00247113
0.00278916
0.00267804
0.00246758
0.00239767
0.00268305
0.00288001
0.00258141
0.0025888
0.00245972
0.00253809
0.00240186
0.00237925
0.0024483
0.00239088
0.00282483
0.0025474
0.00270526
0.0025263
0.00255634
0.00248957
0.00256283
0.00233941
0.00256688
0.00250558
0.00247842
0.0025381
0.00256623
0.00264969
0.00272721
0.00244132
0.00272894
0.00247941
0.00248487
0.00253339
0.00238934
0.00243819
0.00229459
0.00227221
0.00261458
0.002574
0.00250178
0.00256642
0.00244743
0.00241579
0.00238137
0.00224745
0.00247855
0.00227815
0.0025566
0.0025084
0.00250039
0.00234562
0.00238838
0.00250821
0.00237258
0.00264967
0.00237891
0.00241097
0.00243672
0.00242744
0.00251483
0.00242473
0.00249705
0.00242473
0.00255063
0.00251603
0.00261139
0.0023986
0.00284231
0.00373009
0.00276859
0.00283515
0.00239535
0.00254984
0.00276863
0.00276859
0.0026174
0.00323647
0.0025246
0.00260182
0.00268487
0.00244682
0.00237102
0.00242975
0.00239416
0.00259914
0.00245506
0.00255077
0.00239881
0.00267257
0.00258089
0.00244276
0.00276247
0.00443262
0.00263953
0.00244512
0.00252215
0.00241576
0.00236161
0.00238515
0.00238515
0.00232254
0.00232946
0.00232837
0.00237539
0.00242204
0.00257799
0.00254819
0.00252245
0.00261114
0.00396596
0.00238128
0.00288989
0.00254553
0.00260613
0.00257845
0.00263562
0.00254244
0.00303995
0.00252811
0.0025378
0.00269604
0.002664
0.00242863
0.00270957
0.0026804
0.00249953
0.00253869
0.0024962
0.002387
0.002428
0.00237515
0.00241115
0.00299581
0.00290588
0.00272792
0.00249048
0.00307893
0.00395182
0.00257845
0.00263562
0.00271154
0.00241528
0.00251897
0.00242422
0.00240678
0.0023709
0.00242761
0.00402382
0.00276919
0.00275638
0.00246209
0.00256763
0.00276702
0.0025708
0.0027221
0.00277033
0.00243532
0.00266355
0.00287854
0.00257138
0.00259955
0.00275638
0.00257105
0.00282836
0.00285985
0.00240886
0.00251548
0.00255434
0.00287854
0.0024349
0.00238617
0.00235727
0.00244021
0.00252506
0.00245781
0.00240497
0.00257585
0.00255433
0.00227795
0.00245484
0.00241636
0.00246414
0.00260661
0.0025342
0.00247593
0.00225221
0.00247054
0.00225512
0.00232326
0.00242419
0.00256744
0.00237561
0.00260961
0.00269686
0.00256101
0.00243345
0.00226774
0.00274749
0.00249986
0.00255171
0.00501933
0.00278954
0.00378574
0.00266643
0.0026252
0.00259002
0.00231723
0.00264644
0.00233593
0.00250997
0.00249474
0.00251992
0.002354
0.00241206
0.00232669
0.00237861
0.00275182
0.00260992
0.0024195
0.00257706
0.00252564
0.00328388
0.00274947
0.0024849
0.0023326
0.0023473
0.0023401
0.0023401
0.00231355
0.00274947
0.00248062
0.00273372
0.00254671
0.00239963
0.00246584
0.00290665
0.00258841
0.00261183
0.00240528
0.00249783
0.00255509
0.00255693
0.00258479
0.00235429
0.00243194
0.0024098
0.00246971
0.00246423
0.00235842
0.0022845
0.00240131
0.00245383
0.00244906
0.0025334
0.00268271
0.00247285
0.00248737
0.0024281
0.00246011
0.00258549
0.00256621
0.00253277
0.00247045
0.00253935
0.00441694
0.00267429
0.00249981
0.00256691
0.00258858
0.00244387
0.0025523
0.00255168
0.00262244
0.00250584
0.00247224
0.00244312
0.00233496
0.00252298
0.00252748
0.00247747
0.00231953
0.0025372
0.00247679
0.00256038
0.00254989
0.00244503
0.0025355
0.00243067
0.00248869
0.00259007
0.00246207
0.00245312
0.00244754
0.00289335
0.00291816
0.00287322
0.00279501
0.00292534
0.00285176
0.00285176
0.00247861
0.00299259
0.00305377
0.00282996
0.00300006
0.00293274
0.00295729
0.00295729
0.00275647
0.00310489
0.00285176
0.00289335
0.00295857
0.00305605
0.00293314
0.00278461
0.00284918
0.00295729
0.00279501
0.00288252
0.00297917
0.00278461
0.00293352
0.00287282
0.00235041
0.00260798
0.00408128
0.00287282
0.00316433
0.00261007
0.00268015
0.00261764
0.00268015
0.00263245
0.00278695
0.00274663
0.00268032
0.00270268
0.00267032
0.00284438
0.00259304
0.00267206
0.00270397
0.00266729
0.00278473
0.00267032
0.00277416
0.00270397
0.00266729
0.00265348
0.00263025
0.00272666
0.00270397
0.00334652
0.0025678
0.00334652
0.00239594
0.00312378
0.00254541
0.0026694
0.00235745
0.00273018
0.00259242
0.00242518
0.00304189
0.00246865
0.00252321
0.00248835
0.00277098
0.00247081
0.00250849
0.00255684
0.00258123
0.00276791
0.00247374
0.00256478
0.00252957
0.00246733
0.00258122
0.00288599
0.00246296
0.00262244
0.00246637
0.0025635
0.00245457
0.00268526
0.00279109
0.00248294
0.00259282
0.00268209
0.00243301
0.00246415
0.00245408
0.0024722
0.00263295
0.00240611
0.00242007
0.00269199
0.00231646
0.00245615
0.00288671
0.00243816
0.0024216
0.00241982
0.00247729
0.00243394
0.00247729
0.00247729
0.00247729
0.00247729
0.00247729
0.00253792
0.00247729
0.00269199
0.00231646
0.00245615
0.00288671
0.00243816
0.0024216
0.00241982
0.00247729
0.00243394
0.00247729
0.00247729
0.00247729
0.00258333
0.00244199
0.00239044
0.00243528
0.00244572
0.00251084
0.00272071
0.00265284
0.00247021
0.00261159
0.00348581
0.00283763
0.0024793
0.00268996
0.00271271
0.00252427
0.00251298
0.00259176
0.00283763
0.0025675
0.00264727
0.00278151
0.00247014
0.00259541
0.00252222
0.00283763
0.00247435
0.00276368
0.00248711
0.00283763
0.00255019
0.00259127
0.00258428
0.00253425
0.00256705
0.00280798
0.00243463
0.00265358
0.00274618
0.00242477
0.00257864
0.00238729
0.00255339
0.00257802
0.002476
0.00234242
0.00251455
0.00274618
0.0027213
0.00254998
0.00250068
0.00289149
0.00257089
0.00232462
0.00235321
0.00243541
0.00261108
0.00270597
0.00226498
0.00261952
0.00233218
0.0029785
0.00245799
0.0023597
0.00240263
0.00263049
0.00289101
0.00271965
0.00257088
0.00271216
0.00258101
0.0025455
0.00259818
0.00269012
0.00258568
0.00269012
0.00243903
0.00262869
0.00259353
0.00254852
0.00265827
0.00264774
0.00248567
0.00247394
0.00273427
0.00266646
0.00271216
0.00262869
0.00273318
0.00266695
0.0025325
0.00247612
0.00254852
0.00266792
0.00265827
0.00269012
0.00260444
0.00245918
0.00246701
0.00247304
0.00244444
0.0026455
0.00247876
0.00262836
0.00256192
0.00260803
0.00294983
0.00430321
0.00241438
0.00252017
0.00252986
0.00253542
0.00239905
0.00371464
0.00228941
0.00247643
0.00300021
0.00244993
0.0034425
0.00227949
0.00248147
0.00294534
0.00243045
0.00244753
0.00242072
0.00242128
0.00226569
0.00247427
0.00243415
0.00247427
0.00242991
0.00250381
0.00244192
0.00230821
0.00240405
0.00251105
0.00254859
0.00249615
0.00273606
0.00259555
0.0025206
0.00255659
0.00266176
0.00260984
0.00249364
0.00247712
0.0025056
0.00246273
0.00275521
0.00238902
0.00267688
0.00262816
0.00274826
0.00252774
0.00250018
0.00232947
0.00242309
