0.00446995
0.0039041
0.00489498
0.00358203
0.00824888
0.00485646
0.00390755
0.00348172
0.00486298
0.00337976
0.0040598
0.00417803
0.00357698
0.00351523
0.00345099
0.00315495
0.00314267
0.00410123
0.00337017
0.00321719
0.00365133
0.00414858
0.00327313
0.00333675
0.00354935
0.00321719
0.00327416
0.00317193
0.0032422
0.00358222
0.00301761
0.00323902
0.00316846
0.0035375
0.00320044
0.00326612
0.00359646
0.00326639
0.00307058
0.00343755
0.00406077
0.00416776
0.00301196
0.00330271
0.00314546
0.00371699
0.00386387
0.00321805
0.00501326
0.00373632
0.00355146
0.00430963
0.0039857
0.00379423
0.00300705
0.00314721
0.0035173
0.00384685
0.0035464
0.0036381
0.00344849
0.00374959
0.00296002
0.00345795
0.00305356
0.00388966
0.00364855
0.00353153
0.0042677
0.00364164
0.00353972
0.00385989
0.00575103
0.00380914
0.00395012
0.00401035
0.00335065
0.00635537
0.00359489
0.00635325
0.0034485
0.00430358
0.00341279
0.00322807
0.00358684
0.00345849
0.00302096
0.00527097
0.00328422
0.00520421
0.00385288
0.0039041
0.00444953
0.00322805
0.00339918
0.0039041
0.00339019
0.00334802
0.00372342
0.0037746
0.00385654
0.00424392
0.00375027
0.00353536
0.00383866
0.00391939
0.00365223
0.00353341
0.00347631
0.00425025
0.00353131
0.00379169
0.00407753
0.00323488
0.00435783
0.00362305
0.00360101
0.00519561
0.00376591
0.00494115
0.0037358
0.00342406
0.00410646
0.00363931
0.00395366
0.00489825
0.00331208
0.00390113
0.00386889
0.00408971
0.00457727
0.00312773
0.00439844
0.0031649
0.0033889
0.00362392
0.00362654
0.00331296
0.00388078
0.00326881
0.00381632
0.00349288
0.00389735
0.00545452
0.00408898
0.00349445
0.00333434
0.00398603
0.00361729
0.00357546
0.00375894
0.00354245
0.00356043
0.00358859
0.00319758
0.00368701
0.00361345
0.00352224
0.00352224
0.00378665
0.00374311
0.00342816
0.00327383
0.00333636
0.00328732
0.00345919
0.00370872
0.00454851
0.00338729
0.00472165
0.00352161
0.00407869
0.0038994
0.00439649
0.00353718
0.00369751
0.00351259
0.00359672
0.00315326
0.00553683
0.00340011
0.00337624
0.00541542
0.00336818
0.00442904
0.00447373
0.00442559
0.00376546
0.00330908
0.00474146
0.00347484
0.00648439
0.00444987
0.00380576
0.00330727
0.00415234
0.0047742
0.00398131
0.0044209
0.00407343
0.00338551
0.00393324
0.00631811
0.00383486
0.00391888
0.00354722
0.00405601
0.00362392
0.00398475
0.00357989
0.00353779
0.00405088
0.00401792
0.003927
0.00387389
0.00472834
0.00336759
0.00368895
0.00406227
0.0040632
0.00485673
0.0039221
0.00395882
0.00422667
0.00415812
0.00425588
0.00399402
0.00384168
0.00481299
0.00351284
0.00351394
0.00365231
0.00371539
0.00363568
0.00402304
0.00431795
0.0038128
0.00353707
0.00315645
0.00350663
0.00393175
0.00351577
0.00320982
0.0032091
0.00310161
0.0032091
0.00310161
0.00350663
0.00375619
0.00357489
0.00474083
0.00363576
0.00350663
0.00348684
0.00329613
0.00397533
0.00391504
0.00306088
0.00351583
0.00331939
0.00399896
0.00389325
0.00358592
0.00367238
0.00430613
0.00335039
0.00370196
0.00358502
0.00382939
0.00410765
0.00368502
0.00352399
0.0035927
0.00361491
0.00385178
0.00395514
0.00394457
0.0033434
0.0034616
0.00315397
0.0033434
0.00341559
0.00306111
0.00325861
0.00332854
0.00310121
0.00361579
0.0033027
0.00325627
0.00331592
0.0034576
0.00307637
0.00317488
0.003926
0.00328749
0.00376906
0.00339933
0.00328637
0.00343209
0.00381969
0.00328074
0.00317114
0.00310358
0.00379242
0.00325786
0.00352165
0.0034754
0.00418509
0.00388707
0.00816426
0.00336433
0.00329295
0.0042399
0.00368013
0.00317132
0.0035429
0.0042399
0.00377898
0.00393028
0.00392279
0.00395038
0.00312606
0.00569779
0.00557943
0.00565654
0.00478877
0.00468279
0.00387971
0.00630682
0.00356416
0.00356416
0.00513128
0.0034387
0.00317799
0.00364651
0.0029558
0.00319361
0.00336517
0.00342519
0.0035499
0.00392095
0.00328307
0.00314777
0.00393261
0.00309575
0.00314023
0.00421518
0.00340782
0.00340541
0.0034025
0.00336647
0.00347744
0.00345333
0.00348173
0.00334284
0.00358317
0.0036345
0.00342619
0.00341039
0.0036345
0.00342202
0.00350166
0.00341039
0.00373506
0.0032736
0.0034608
0.00326142
0.00351174
0.00325675
0.00340014
0.00341819
0.00368048
0.00365223
0.00347809
0.00312704
0.00342415
0.00385817
0.00339985
0.00337239
0.00360289
0.00360463
0.00349014
0.00354807
0.00334719
0.00321398
0.00356464
0.00477888
0.00651625
0.00448442
0.00467816
0.00526318
0.00517461
0.00498099
0.00388517
0.00517461
0.00476189
0.0052385
0.0034704
0.00544964
0.00549606
0.00447856
0.00364922
0.00632449
0.00499535
0.00550361
0.00522068
0.00414491
0.00499294
0.00487852
0.00445852
0.00363059
0.00485887
0.00372868
0.0052686
0.00617377
0.00348058
0.00386127
0.00429236
0.00368261
0.00337889
0.00311264
0.00368241
0.00380974
0.0032731
0.00341463
0.00384223
0.00341053
0.00309262
0.00346149
0.00307516
0.0045243
0.00356331
0.0032416
0.00517805
0.00387003
0.00351884
0.00321228
0.00508929
0.00323008
0.00328411
0.00318219
0.0030327
0.0031701
0.00336848
0.00360345
0.00481567
0.00353861
0.00323078
0.00359607
0.00355029
0.00415548
0.00303757
0.00349395
0.00327946
0.00315054
0.00379816
0.00388826
0.00326447
0.00389277
0.00329348
0.00341752
0.00339193
0.00310911
0.0038371
0.00304557
0.00356456
0.00336159
0.00314352
0.00307472
0.00338453
0.00335974
0.00332446
0.00340508
0.00334673
0.00341173
0.00329624
0.00331192
0.00421924
0.00397053
0.0038023
0.00397053
0.00325755
0.00361778
0.00395499
0.00316919
0.00472942
0.00662042
0.00433642
0.00517887
0.00380155
0.0049314
0.00451054
0.00433642
0.00407478
0.00738263
0.00335253
0.0045518
0.00435802
0.00369366
0.00319615
0.00308932
0.00373599
0.00390102
0.00353473
0.00372629
0.00342234
0.00345038
0.00439256
0.00317326
0.0046511
0.00689052
0.00339775
0.00331241
0.00334318
0.00350723
0.00315916
0.00319539
0.00319566
0.0035125
0.00362338
0.0031151
0.00320239
0.00336925
0.00358836
0.00345355
0.00363228
0.00366031
0.00719239
0.00338606
0.00522458
0.00351968
0.00397658
0.00372849
0.00478787
0.00372371
0.00513038
0.00417262
0.00442655
0.00389144
0.00383233
0.00343686
0.00414841
0.00523192
0.00341638
0.00365683
0.00347611
0.0034166
0.00389572
0.00343652
0.00347097
0.00472348
0.00421768
0.00454474
0.00419146
0.00436404
0.00774357
0.00372849
0.00478787
0.00372301
0.00463944
0.00335678
0.00348351
0.00333262
0.003199
0.00583024
0.0101937
0.00392169
0.00408255
0.00337373
0.00429698
0.00364395
0.00330957
0.00376867
0.00383077
0.00307286
0.00458822
0.00418169
0.00443853
0.00377317
0.00408255
0.00331184
0.00398829
0.00371954
0.00316167
0.00329523
0.00353501
0.00427533
0.00418013
0.00321468
0.00335332
0.00404281
0.00362114
0.00334339
0.0032117
0.00380166
0.00390277
0.00302221
0.00340536
0.00314632
0.00322212
0.0036824
0.00372176
0.00376107
0.00318936
0.0037159
0.00361729
0.00305335
0.00325034
0.00400313
0.00358542
0.00358413
0.00377822
0.00404149
0.0035496
0.00298254
0.00473873
0.00348085
0.00399427
0.00905633
0.00459287
0.00585832
0.00392917
0.00351403
0.00369647
0.00328873
0.00447751
0.00304669
0.00315655
0.00348265
0.0039023
0.00323519
0.00340823
0.00290611
0.00302961
0.00398779
0.00386894
0.00373768
0.00370681
0.00446821
0.00639978
0.00538765
0.00362434
0.00398379
0.00315255
0.00392797
0.00392797
0.00331956
0.00538765
0.00369885
0.00439717
0.00380593
0.0039674
0.00400919
0.00429385
0.00423385
0.00381362
0.0035824
0.00383889
0.00408645
0.00396214
0.00359402
0.00304994
0.00371923
0.00373933
0.00373105
0.00336539
0.00316884
0.00352162
0.00315715
0.00336502
0.00344397
0.00375335
0.00343785
0.00353443
0.00357565
0.00336502
0.00333564
0.00345246
0.00381128
0.00357565
0.00341667
0.00350995
0.0106759
0.00376135
0.00316357
0.00322997
0.00336913
0.00372854
0.00339426
0.00377009
0.00369129
0.00326826
0.00304835
0.00323661
0.00331122
0.00334911
0.00405358
0.00370327
0.00314626
0.00350456
0.00308848
0.00310432
0.00342878
0.00326987
0.00356725
0.00302888
0.00308777
0.00422949
0.00317282
0.00314812
0.003153
0.00517659
0.00437492
0.00427693
0.0043858
0.00453057
0.00514871
0.00476811
0.0033419
0.00500929
0.00548936
0.00420411
0.00444183
0.00454255
0.00491134
0.00517756
0.00421519
0.00464537
0.00476811
0.00517659
0.00400936
0.00454109
0.00491814
0.0045411
0.0046723
0.00517256
0.00443961
0.00411649
0.00436523
0.0045411
0.00444391
0.00584478
0.00359533
0.00414643
0.00793504
0.00584478
0.00534192
0.00414138
0.00421363
0.00402217
0.00433333
0.00401788
0.00446581
0.00439414
0.00449647
0.00429784
0.00403182
0.00477237
0.00440527
0.00403292
0.00431914
0.00422379
0.00445173
0.00440209
0.00412711
0.00431914
0.00385955
0.00378271
0.00392607
0.00404224
0.00431914
0.00627454
0.00396506
0.00627454
0.00398455
0.00594364
0.00412131
0.00429405
0.00345959
0.00401015
0.00371595
0.0032363
0.00510381
0.00333691
0.0041141
0.00317082
0.00579892
0.00318874
0.00355029
0.00350289
0.00406638
0.00367054
0.00313359
0.00337165
0.00332303
0.00312959
0.00318915
0.00381466
0.0031007
0.00372286
0.00330033
0.00352154
0.00362963
0.00331145
0.00475839
0.00328872
0.00363338
0.0033823
0.00315772
0.00308671
0.00426785
0.00311091
0.00404009
0.0029457
0.00375925
0.00454132
0.00373841
0.00336207
0.00511113
0.0036588
0.00420935
0.00352888
0.00366484
0.00353911
0.00366484
0.00366484
0.00366484
0.00366484
0.00366484
0.0038039
0.00366484
0.00454132
0.00373841
0.00336207
0.00511113
0.0036588
0.00420935
0.00352888
0.00366484
0.00353911
0.00366484
0.00366484
0.00366484
0.00398783
0.0030014
0.00314599
0.00322917
0.00296062
0.00325574
0.00333907
0.00365659
0.00308614
0.00370703
0.00612152
0.00449202
0.003431
0.00352734
0.00351906
0.00327937
0.0032763
0.00369976
0.00449203
0.00329075
0.0032148
0.00354717
0.00307905
0.00362441
0.00368452
0.00449202
0.00334602
0.00391427
0.00355794
0.00449202
0.00351636
0.00322867
0.00402334
0.00351181
0.00363425
0.00405961
0.00328496
0.00332555
0.00434274
0.00380016
0.00329252
0.00323139
0.0034891
0.0033066
0.00363141
0.00396383
0.00358926
0.00434274
0.00402102
0.00387011
0.00372832
0.00475676
0.00395008
0.00319298
0.00316919
0.0033428
0.00353408
0.00433773
0.0031073
0.00390855
0.00424147
0.00410606
0.00390988
0.00335443
0.00372596
0.00425811
0.00391803
0.00368904
0.0036134
0.00377882
0.00318915
0.00312477
0.00347695
0.00355916
0.00359322
0.0036105
0.00311446
0.00357361
0.0037158
0.00350678
0.0037332
0.00367279
0.00310679
0.00334079
0.00323172
0.00319381
0.00377882
0.00357361
0.00336655
0.00363791
0.00327675
0.00341889
0.00350678
0.00358745
0.0037332
0.00355916
0.00427118
0.0034239
0.00434564
0.00352021
0.00333737
0.00427058
0.00335038
0.0038858
0.00365521
0.0037147
0.00544996
0.00958217
0.00338729
0.00381282
0.00344375
0.00387316
0.00385111
0.00652534
0.00305199
0.00311623
0.0056277
0.00366972
0.00831826
0.00356943
0.00457707
0.00743934
0.00329485
0.00332818
0.00320753
0.00337403
0.00293535
0.00311103
0.00306303
0.00328073
0.00310832
0.00327488
0.00341752
0.00301966
0.00300291
0.0034117
0.00356328
0.0036907
0.00424661
0.00394665
0.0033789
0.00400786
0.00422361
0.00396246
0.00354244
0.00368325
0.00347514
0.00342396
0.00415969
0.00308818
0.00383384
0.00505232
0.00356159
0.00386984
0.00370515
0.00316297
0.00317227
