-0.976605
-0.976555
-0.977752
-0.974359
-0.974453
-0.975339
-0.976857
-0.975316
-0.974464
-0.97512
-0.975253
-0.975612
-0.975869
-0.974381
-0.975008
-0.975385
-0.974207
-0.974359
-0.974402
-0.974107
-0.974754
-0.975588
-0.974979
-0.974392
-0.97459
-0.975328
-0.976643
-0.974593
-0.975244
-0.975132
-0.977085
-0.977954
-0.976253
-0.974388
-0.974547
-0.975873
-0.975858
-0.975046
-0.975793
-0.975552
-0.975379
-0.976259
-0.975128
-0.975237
-0.975869
-0.97457
-0.97511
-0.975973
-0.975546
-0.975777
-0.975805
-0.973997
-0.975891
-0.975266
-0.97608
-0.977041
-0.974084
-0.973531
-0.974291
-0.97679
-0.976264
-0.977564
-0.97451
-0.975106
-0.974421
-0.974366
-0.974889
-0.974393
-0.975314
-0.977163
-0.977921
-0.977357
-0.976599
-0.977024
-0.974282
-0.97597
-0.977049
-0.974948
-0.977652
-0.978039
-0.976944
-0.976278
-0.974745
-0.975321
-0.975385
-0.974216
-0.976355
-0.97597
-0.9748
-0.974376
-0.974384
-0.974216
-0.974382
-0.975274
-0.974282
-0.974225
-0.974362
-0.974156
-0.974353
-0.973992
-0.974225
-0.973749
-0.975211
-0.974194
-0.974131
-0.974373
-0.974112
-0.974322
-0.977121
-0.975314
-0.973801
-0.975025
-0.975511
-0.974079
-0.975383
-0.974925
-0.974903
-0.975023
-0.975303
-0.974894
-0.974328
-0.976295
-0.975383
-0.976025
-0.97539
-0.976706
-0.976452
-0.975206
-0.974903
-0.975126
-0.975351
-0.974769
-0.975892
-0.976321
-0.975744
-0.975532
-0.975984
-0.973807
-0.976693
-0.97775
-0.977996
-0.97775
-0.976875
-0.975173
-0.975648
-0.973975
-0.974106
-0.97411
-0.973902
-0.975684
-0.974334
-0.977986
-0.979133
-0.976302
-0.976373
-0.975471
-0.977859
-0.97637
-0.976919
-0.977229
-0.977741
-0.97571
-0.974523
-0.976299
-0.975928
-0.97653
-0.9757
-0.977192
-0.97766
-0.976342
-0.976909
-0.975899
-0.97438
-0.974221
-0.975683
-0.974681
-0.977334
-0.976528
-0.976344
-0.977524
-0.975371
-0.97612
-0.974177
-0.97807
-0.977221
-0.975607
-0.977331
-0.976135
-0.978565
-0.977234
-0.976756
-0.977866
-0.975926
-0.977803
-0.976315
-0.977458
-0.976288
-0.976524
-0.977317
-0.977474
-0.975689
-0.975548
-0.976945
-0.976454
-0.977731
-0.977595
-0.976894
-0.977881
-0.975318
-0.975287
-0.975426
-0.977461
-0.975783
-0.975581
-0.975403
-0.973886
-0.975293
-0.974337
-0.974186
-0.974111
-0.974844
-0.975205
-0.97567
-0.975612
-0.977477
-0.975596
-0.977616
-0.975925
-0.975476
-0.976789
-0.977917
-0.975335
-0.975901
-0.975821
-0.975943
-0.976139
-0.976114
-0.976083
-0.976138
-0.973839
-0.974213
-0.973883
-0.976027
-0.974397
-0.975891
-0.975445
-0.975748
-0.975871
-0.97432
-0.974173
-0.974192
-0.975517
-0.975372
-0.97519
-0.975466
-0.97535
-0.973995
-0.973995
-0.975188
-0.97442
-0.976643
-0.977279
-0.976198
-0.975589
-0.973792
-0.973664
-0.973687
-0.974832
-0.975241
-0.97456
-0.975588
-0.97373
-0.97416
-0.975358
-0.974989
-0.975114
-0.974858
-0.975474
-0.974812
-0.973679
-0.976801
-0.975927
-0.973746
-0.974744
-0.974037
-0.977195
-0.976198
-0.976687
-0.976803
-0.975687
-0.978356
-0.977714
-0.974622
-0.978645
-0.976226
-0.977712
-0.976725
-0.978071
-0.977892
-0.977234
-0.976346
-0.974537
-0.977521
-0.976402
-0.975906
-0.97776
-0.977811
-0.9782
-0.977376
-0.977367
-0.973589
-0.976229
-0.97595
-0.973755
-0.973981
-0.974853
-0.975014
-0.974835
-0.97358
-0.974117
-0.974004
-0.975665
-0.974903
-0.97539
-0.975018
-0.9777
-0.975907
-0.977174
-0.976341
-0.977192
-0.975755
-0.97593
-0.975617
-0.977838
-0.976891
-0.975439
-0.974843
-0.974235
-0.974761
-0.974479
-0.97492
-0.974584
-0.974091
-0.976124
-0.97504
-0.97557
-0.975447
-0.975815
-0.973757
-0.976105
-0.975163
-0.975454
-0.975452
-0.975911
-0.975324
-0.975841
-0.975402
-0.97563
-0.975154
-0.975836
-0.977451
-0.97398
-0.978139
-0.976304
-0.977327
-0.976084
-0.977195
-0.976804
-0.976081
-0.97358
-0.974034
-0.975553
-0.976175
-0.977437
-0.974303
-0.978191
-0.975458
-0.977849
-0.976684
-0.975773
-0.976302
-0.976541
-0.975533
-0.975688
-0.975268
-0.975688
-0.975897
-0.975559
-0.976014
-0.975121
-0.976949
-0.976254
-0.97798
-0.9756
-0.975103
-0.976072
-0.976164
-0.977442
-0.976582
-0.97571
-0.976607
-0.976959
-0.974815
-0.976648
-0.976382
-0.977545
-0.975405
-0.974528
-0.974443
-0.974221
-0.975772
-0.975579
-0.975682
-0.973711
-0.974153
-0.973871
-0.974267
-0.97377
-0.97377
-0.973944
-0.97377
-0.974545
-0.9737
-0.974775
-0.973979
-0.974537
-0.973979
-0.973642
-0.976737
-0.974153
-0.97377
-0.973734
-0.975523
-0.975477
-0.974863
-0.975433
-0.975609
-0.975719
-0.975712
-0.975482
-0.973933
-0.976358
-0.975428
-0.976382
-0.977332
-0.975834
-0.97751
-0.977226
-0.977535
-0.976303
-0.97381
-0.974887
-0.975131
-0.975781
-0.973635
-0.973909
-0.974103
-0.976814
-0.973967
-0.976588
-0.977381
-0.976676
-0.974167
-0.974163
-0.97531
-0.975426
-0.975457
-0.978066
-0.977776
-0.974857
-0.974339
-0.974094
-0.97431
-0.974445
-0.974816
-0.974073
-0.975738
-0.97546
-0.975515
-0.975651
-0.975252
-0.976868
-0.97483
-0.974848
-0.976331
-0.97621
-0.973894
-0.975926
-0.974576
-0.974309
-0.974768
-0.978131
-0.976811
-0.976101
-0.975545
-0.975792
-0.974362
-0.974894
-0.974931
-0.97441
-0.973834
-0.974141
-0.97484
-0.974206
-0.975777
-0.974491
-0.973775
-0.974602
-0.974618
-0.974123
-0.974367
-0.977331
-0.976083
-0.976041
-0.97775
-0.978142
-0.978097
-0.976167
-0.97536
-0.976092
-0.976305
-0.977535
-0.976786
-0.978364
-0.977171
-0.976051
-0.975755
-0.974981
-0.977219
-0.977374
-0.976834
-0.977735
-0.975878
-0.977067
-0.976578
-0.975426
-0.976507
-0.977432
-0.977426
-0.97747
-0.976955
-0.976957
-0.975948
-0.975506
-0.975887
-0.975167
-0.975134
-0.977389
-0.975807
-0.975394
-0.97497
-0.975357
-0.975978
-0.976038
-0.975278
-0.974951
-0.975494
-0.97413
-0.976384
-0.975864
-0.97642
-0.975412
-0.975789
-0.975267
-0.974638
-0.976024
-0.975263
-0.97391
-0.97562
-0.973966
-0.973864
-0.975541
-0.976164
-0.976088
-0.97395
-0.973864
-0.975836
-0.975495
-0.976285
-0.973904
-0.975083
-0.975176
-0.976012
-0.975807
-0.976061
-0.976121
-0.975691
-0.976927
-0.975933
-0.975709
-0.976808
-0.976544
-0.976203
-0.976489
-0.977105
-0.976903
-0.975868
-0.975684
-0.976384
-0.977742
-0.978106
-0.975801
-0.975636
-0.977268
-0.97696
-0.975183
-0.97513
-0.975383
-0.975545
-0.975709
-0.975566
-0.975026
-0.975939
-0.975962
-0.974957
-0.975662
-0.975538
-0.974975
-0.975815
-0.975146
-0.975714
-0.975611
-0.975679
-0.975686
-0.976535
-0.976849
-0.977516
-0.975505
-0.975762
-0.975121
-0.974683
-0.974672
-0.976407
-0.975139
-0.975192
-0.977091
-0.978331
-0.977446
-0.977263
-0.977937
-0.977571
-0.975887
-0.977209
-0.976082
-0.977844
-0.975867
-0.975924
-0.978259
-0.974011
-0.978131
-0.975866
-0.976663
-0.977311
-0.97673
-0.976375
-0.976455
-0.977019
-0.976355
-0.975082
-0.975342
-0.976031
-0.975984
-0.975702
-0.976243
-0.975866
-0.975803
-0.97832
-0.975319
-0.97705
-0.978515
-0.976865
-0.977103
-0.976364
-0.976421
-0.977843
-0.977396
-0.977663
-0.976427
-0.977186
-0.976776
-0.976439
-0.976182
-0.977832
-0.975794
-0.977744
-0.977021
-0.97746
-0.977532
-0.976304
-0.976012
-0.976268
-0.97658
-0.978292
-0.977771
-0.977906
-0.977162
-0.977746
-0.97761
-0.977489
-0.97835
-0.978176
-0.978433
-0.97817
-0.978267
-0.977936
-0.977951
-0.976928
-0.977499
-0.976971
-0.975445
-0.975106
-0.974992
-0.975462
-0.975077
-0.975477
-0.974733
-0.975388
-0.975431
-0.975314
-0.975279
-0.975398
-0.976948
-0.977729
-0.975554
-0.977245
-0.977401
-0.973733
-0.977057
-0.973785
-0.977573
-0.976561
-0.977724
-0.97605
-0.976366
-0.976541
-0.975556
-0.973733
-0.977407
-0.976764
-0.976248
-0.976505
-0.976158
-0.976848
-0.976798
-0.976434
-0.976344
-0.975998
-0.976304
-0.976495
-0.976556
-0.976525
-0.976638
-0.978099
-0.978242
-0.976292
-0.978154
-0.975552
-0.976174
-0.975457
-0.975389
-0.975965
-0.976094
-0.975354
-0.978027
-0.975443
-0.976462
-0.977325
-0.978051
-0.976212
-0.977188
-0.978739
-0.976101
-0.977986
-0.977108
-0.976264
-0.974963
-0.974943
-0.974498
-0.974176
-0.974038
-0.97547
-0.97482
-0.975841
-0.977675
-0.976117
-0.97693
-0.978636
-0.977376
-0.974509
-0.977307
-0.977132
-0.976794
-0.976765
-0.976379
-0.974146
-0.977188
-0.978203
-0.977768
-0.977215
-0.977183
-0.978281
-0.976362
-0.976228
-0.976885
-0.976416
-0.976375
-0.977285
-0.974874
-0.974477
-0.974275
-0.974454
-0.974547
-0.975424
-0.974325
-0.975429
-0.9756
-0.975666
-0.974492
-0.976074
-0.974576
-0.974869
-0.97602
-0.975296
-0.976863
-0.975243
-0.97681
-0.975092
-0.976402
-0.977249
-0.978303
-0.97638
-0.974177
-0.975783
-0.976721
-0.974697
-0.974988
-0.976044
-0.976237
-0.976836
-0.976782
-0.976331
-0.976258
-0.97773
-0.975478
-0.97775
-0.977179
-0.97756
-0.977128
-0.977417
-0.976498
-0.978105
-0.976262
-0.977724
-0.978497
-0.978031
-0.977895
-0.977498
-0.978483
-0.978297
-0.978297
-0.978352
-0.976244
-0.977724
-0.976298
-0.977747
-0.97704
-0.974134
-0.976369
-0.976786
-0.973984
-0.976079
-0.974165
-0.975768
-0.976019
-0.97555
-0.975808
-0.976737
-0.976665
-0.977203
-0.976489
-0.976244
-0.975158
-0.974265
-0.976237
-0.97658
-0.975828
-0.973778
-0.976206
-0.976104
-0.974793
-0.974915
-0.975153
-0.975162
-0.976458
-0.975596
-0.975162
-0.976458
-0.975887
-0.97685
-0.976618
-0.975935
-0.97609
-0.97851
-0.975893
-0.977286
-0.977293
-0.975525
-0.977093
-0.978088
-0.977584
-0.976067
-0.975699
-0.976511
-0.977139
-0.976319
-0.976451
-0.978615
-0.978013
-0.978722
-0.975069
-0.976589
-0.977755
-0.9756
-0.976099
-0.974153
-0.978046
-0.977957
-0.975709
-0.977767
-0.976243
-0.977308
-0.976263
-0.976034
-0.97719
-0.977547
-0.97662
-0.976264
-0.97766
-0.97753
-0.975543
-0.97601
-0.976059
-0.975538
-0.975738
-0.976127
-0.97764
-0.97613
-0.977355
-0.974617
-0.977045
-0.974782
-0.976055
-0.976386
-0.975881
-0.976873
-0.977474
-0.977462
-0.976229
-0.97609
-0.978074
-0.976517
-0.976985
-0.977155
-0.976899
-0.977863
-0.977288
-0.976211
-0.976262
-0.976181
-0.976899
-0.978107
-0.977666
-0.976055
-0.978344
-0.975453
-0.977112
-0.976598
-0.974333
-0.974421
-0.975901
-0.974227
-0.975103
-0.974287
-0.974186
-0.974713
-0.976029
-0.976093
-0.977353
-0.97708
-0.976834
-0.976093
-0.975792
-0.977268
-0.978174
-0.977123
-0.977919
-0.977198
-0.978238
-0.976428
-0.977336
