-0.984336
-0.984374
-0.985069
-0.982508
-0.982504
-0.983438
-0.984517
-0.983381
-0.982768
-0.983355
-0.983275
-0.983581
-0.983651
-0.98252
-0.983076
-0.983416
-0.982571
-0.982508
-0.982517
-0.982524
-0.982796
-0.983451
-0.98308
-0.98254
-0.982913
-0.983308
-0.984347
-0.982786
-0.983396
-0.983272
-0.984703
-0.985423
-0.984108
-0.982649
-0.982741
-0.983789
-0.983807
-0.983188
-0.983772
-0.983523
-0.983495
-0.984076
-0.983292
-0.98341
-0.983799
-0.982807
-0.98325
-0.983867
-0.983504
-0.983688
-0.983731
-0.982369
-0.983772
-0.983264
-0.983878
-0.984731
-0.982444
-0.982138
-0.982569
-0.984407
-0.984235
-0.985174
-0.982915
-0.983304
-0.982631
-0.982645
-0.982953
-0.982688
-0.983574
-0.984871
-0.985322
-0.984933
-0.984417
-0.984617
-0.982734
-0.983929
-0.984656
-0.983035
-0.985224
-0.985462
-0.984626
-0.98408
-0.982953
-0.983315
-0.983415
-0.982559
-0.98429
-0.984046
-0.983028
-0.982701
-0.982719
-0.982532
-0.982691
-0.983403
-0.982641
-0.982622
-0.98264
-0.982552
-0.982754
-0.982479
-0.982622
-0.9822
-0.983329
-0.982611
-0.98262
-0.982695
-0.98256
-0.982657
-0.984972
-0.983423
-0.982204
-0.983153
-0.983518
-0.982455
-0.983358
-0.983171
-0.982971
-0.983111
-0.983424
-0.982916
-0.982633
-0.984139
-0.983474
-0.984045
-0.983378
-0.984382
-0.984048
-0.983537
-0.983129
-0.983305
-0.983454
-0.982886
-0.983809
-0.984093
-0.983555
-0.98368
-0.983855
-0.982208
-0.984429
-0.985341
-0.985285
-0.985242
-0.984392
-0.983305
-0.98365
-0.982502
-0.982618
-0.982592
-0.98227
-0.983644
-0.982498
-0.985435
-0.986365
-0.984182
-0.984194
-0.98349
-0.985259
-0.984234
-0.984579
-0.984972
-0.985056
-0.983489
-0.982741
-0.983976
-0.983715
-0.984302
-0.98365
-0.984574
-0.985171
-0.984146
-0.984388
-0.983769
-0.982676
-0.982568
-0.983657
-0.982953
-0.984857
-0.984401
-0.984225
-0.985003
-0.983337
-0.984002
-0.98259
-0.98545
-0.984608
-0.983666
-0.984851
-0.984043
-0.985803
-0.98483
-0.984601
-0.985237
-0.98381
-0.985332
-0.98412
-0.98496
-0.984065
-0.984314
-0.98493
-0.984982
-0.983614
-0.983475
-0.98467
-0.984357
-0.985314
-0.985033
-0.984492
-0.985245
-0.983338
-0.98337
-0.983444
-0.984974
-0.983708
-0.98362
-0.983508
-0.982408
-0.983579
-0.982821
-0.982912
-0.982697
-0.983032
-0.983412
-0.983867
-0.983844
-0.984962
-0.983396
-0.985239
-0.984104
-0.983573
-0.984696
-0.985292
-0.983565
-0.983971
-0.983734
-0.984089
-0.984156
-0.984134
-0.984195
-0.984261
-0.982314
-0.98259
-0.982284
-0.983969
-0.982806
-0.98389
-0.983553
-0.983783
-0.983839
-0.982808
-0.982548
-0.982598
-0.983593
-0.983524
-0.983488
-0.983595
-0.983482
-0.982344
-0.982392
-0.98322
-0.982726
-0.984335
-0.984734
-0.984039
-0.983658
-0.982216
-0.982095
-0.982119
-0.983091
-0.983322
-0.9828
-0.983558
-0.982143
-0.982525
-0.983427
-0.983222
-0.983156
-0.983036
-0.983479
-0.983075
-0.982095
-0.984302
-0.983829
-0.982086
-0.982888
-0.982439
-0.984703
-0.984039
-0.984442
-0.984471
-0.983689
-0.985731
-0.985176
-0.982889
-0.9857
-0.984138
-0.985081
-0.984374
-0.985543
-0.985247
-0.984795
-0.984122
-0.982891
-0.985082
-0.984362
-0.984021
-0.985496
-0.985464
-0.985565
-0.985077
-0.984953
-0.982262
-0.984127
-0.98388
-0.982322
-0.982429
-0.983058
-0.983161
-0.983043
-0.982107
-0.9824
-0.9824
-0.983565
-0.983133
-0.983486
-0.983272
-0.985097
-0.983892
-0.984824
-0.984226
-0.984752
-0.983785
-0.983901
-0.983574
-0.985457
-0.984502
-0.983449
-0.983001
-0.982611
-0.98296
-0.982811
-0.983103
-0.982979
-0.982383
-0.984002
-0.983209
-0.983606
-0.98352
-0.983642
-0.982313
-0.983878
-0.983227
-0.983443
-0.983498
-0.983733
-0.983405
-0.983705
-0.983447
-0.983558
-0.983309
-0.983704
-0.984902
-0.982341
-0.985324
-0.984098
-0.985021
-0.984008
-0.984658
-0.984575
-0.983801
-0.982126
-0.982378
-0.983512
-0.98391
-0.984829
-0.982644
-0.985432
-0.983431
-0.985325
-0.984521
-0.983813
-0.98425
-0.984463
-0.983618
-0.983605
-0.983299
-0.983707
-0.98388
-0.983458
-0.983865
-0.983409
-0.98457
-0.984104
-0.985124
-0.983646
-0.983247
-0.98396
-0.984061
-0.984848
-0.984191
-0.983816
-0.984295
-0.98454
-0.983034
-0.984343
-0.984217
-0.985052
-0.983635
-0.982932
-0.982746
-0.98272
-0.983661
-0.983543
-0.983729
-0.98223
-0.982586
-0.98223
-0.982509
-0.982294
-0.982294
-0.982422
-0.982294
-0.982825
-0.982182
-0.983008
-0.982586
-0.982865
-0.982586
-0.982146
-0.984352
-0.982586
-0.982294
-0.982259
-0.983566
-0.983635
-0.983147
-0.9835
-0.983554
-0.983695
-0.98386
-0.983477
-0.982249
-0.984294
-0.983532
-0.984154
-0.98478
-0.983757
-0.985106
-0.984877
-0.985124
-0.984038
-0.982129
-0.98321
-0.983288
-0.983825
-0.982104
-0.982205
-0.98255
-0.984689
-0.982438
-0.984412
-0.984862
-0.984488
-0.982531
-0.982548
-0.983455
-0.983558
-0.983547
-0.985501
-0.985367
-0.983091
-0.982693
-0.982521
-0.982561
-0.982768
-0.983052
-0.982473
-0.983712
-0.9835
-0.983571
-0.983679
-0.983235
-0.984568
-0.98305
-0.983006
-0.984136
-0.984073
-0.982283
-0.983951
-0.982823
-0.982811
-0.983017
-0.985713
-0.984643
-0.983982
-0.983454
-0.983777
-0.982607
-0.983082
-0.983076
-0.982759
-0.982292
-0.982492
-0.982962
-0.982503
-0.983767
-0.982786
-0.982305
-0.982901
-0.982953
-0.982572
-0.98279
-0.985089
-0.983979
-0.984107
-0.985178
-0.98541
-0.985487
-0.984117
-0.983479
-0.983952
-0.984029
-0.98501
-0.984288
-0.985642
-0.984707
-0.983899
-0.983728
-0.983174
-0.98487
-0.984893
-0.984597
-0.985263
-0.983848
-0.984742
-0.984356
-0.983453
-0.984291
-0.985035
-0.985048
-0.985061
-0.984589
-0.984667
-0.983868
-0.983676
-0.983924
-0.983219
-0.983161
-0.984907
-0.983678
-0.98347
-0.983174
-0.983404
-0.983994
-0.984013
-0.983277
-0.983197
-0.983576
-0.982614
-0.984199
-0.983871
-0.984212
-0.983583
-0.983738
-0.983398
-0.982911
-0.983968
-0.983434
-0.982358
-0.98369
-0.982449
-0.982313
-0.983666
-0.984073
-0.98404
-0.982397
-0.982313
-0.983697
-0.983596
-0.984084
-0.982341
-0.983343
-0.983396
-0.984008
-0.983864
-0.983867
-0.984057
-0.983742
-0.984615
-0.983793
-0.983747
-0.984477
-0.984341
-0.984056
-0.984217
-0.984648
-0.984475
-0.983698
-0.983718
-0.984052
-0.985167
-0.985478
-0.983716
-0.983629
-0.984842
-0.984712
-0.983356
-0.983377
-0.983479
-0.98355
-0.983743
-0.983645
-0.983228
-0.984064
-0.983936
-0.983269
-0.983594
-0.983634
-0.983182
-0.983815
-0.983336
-0.98378
-0.983668
-0.983763
-0.983658
-0.984231
-0.984478
-0.985061
-0.983662
-0.983763
-0.983374
-0.982855
-0.983044
-0.984277
-0.983186
-0.983338
-0.984743
-0.985602
-0.984836
-0.984701
-0.985358
-0.985182
-0.983873
-0.98487
-0.983929
-0.985206
-0.983923
-0.983946
-0.985605
-0.982473
-0.985388
-0.983848
-0.984494
-0.984963
-0.984559
-0.984178
-0.984195
-0.984675
-0.984164
-0.983278
-0.983439
-0.983956
-0.983986
-0.983676
-0.984083
-0.983846
-0.983849
-0.98565
-0.983428
-0.984702
-0.985719
-0.984498
-0.98476
-0.984069
-0.984342
-0.98511
-0.985039
-0.985159
-0.984218
-0.984785
-0.984531
-0.984311
-0.984032
-0.985363
-0.983986
-0.985116
-0.984697
-0.984983
-0.984952
-0.984206
-0.983916
-0.9841
-0.984363
-0.985686
-0.985347
-0.985431
-0.984707
-0.985252
-0.98505
-0.98503
-0.985624
-0.985721
-0.98569
-0.985609
-0.985746
-0.985369
-0.985406
-0.984571
-0.984981
-0.984668
-0.983593
-0.983156
-0.983222
-0.983621
-0.983267
-0.983595
-0.983016
-0.983501
-0.983578
-0.983452
-0.983513
-0.983471
-0.98459
-0.985295
-0.983624
-0.984784
-0.984953
-0.982226
-0.984766
-0.982114
-0.98504
-0.984333
-0.985394
-0.983994
-0.984352
-0.984349
-0.983721
-0.982226
-0.984929
-0.984509
-0.984288
-0.984322
-0.984003
-0.984476
-0.984573
-0.98423
-0.984237
-0.98398
-0.984352
-0.984425
-0.9843
-0.984339
-0.984358
-0.985472
-0.985695
-0.984125
-0.985509
-0.983685
-0.98391
-0.983556
-0.983542
-0.983882
-0.98411
-0.983616
-0.985496
-0.983461
-0.984292
-0.98494
-0.985433
-0.984096
-0.984923
-0.985816
-0.983917
-0.985365
-0.984792
-0.984234
-0.9833
-0.982999
-0.982629
-0.982414
-0.982339
-0.983559
-0.983018
-0.983696
-0.985175
-0.984013
-0.984625
-0.985857
-0.985035
-0.982774
-0.984979
-0.984838
-0.984603
-0.984528
-0.984261
-0.982564
-0.984798
-0.985546
-0.985241
-0.984803
-0.984739
-0.985549
-0.984173
-0.984102
-0.98464
-0.984251
-0.984139
-0.984901
-0.982906
-0.982758
-0.982637
-0.982553
-0.982847
-0.98343
-0.98266
-0.983496
-0.983638
-0.983683
-0.982815
-0.984
-0.98285
-0.983134
-0.983927
-0.98333
-0.984571
-0.983306
-0.984604
-0.98322
-0.984219
-0.984855
-0.985557
-0.984154
-0.982448
-0.983696
-0.984581
-0.982933
-0.983131
-0.983952
-0.983969
-0.984534
-0.98463
-0.984207
-0.984277
-0.985174
-0.983522
-0.98523
-0.984764
-0.98502
-0.984656
-0.984976
-0.984443
-0.985394
-0.984152
-0.9854
-0.985592
-0.985377
-0.985211
-0.985118
-0.985729
-0.985502
-0.985502
-0.985674
-0.984043
-0.985186
-0.9841
-0.985122
-0.984659
-0.982531
-0.983993
-0.984453
-0.982501
-0.984046
-0.98261
-0.983574
-0.983856
-0.983529
-0.98376
-0.984379
-0.984368
-0.984863
-0.98423
-0.98413
-0.983265
-0.982631
-0.984057
-0.984365
-0.983823
-0.982232
-0.984005
-0.984015
-0.982909
-0.9831
-0.983232
-0.98351
-0.984275
-0.983542
-0.98351
-0.984275
-0.983819
-0.984742
-0.98439
-0.983867
-0.983952
-0.985635
-0.984038
-0.984836
-0.984905
-0.983544
-0.984635
-0.985626
-0.984874
-0.984011
-0.98369
-0.984408
-0.984743
-0.984234
-0.984404
-0.985806
-0.985485
-0.986029
-0.983286
-0.984306
-0.98524
-0.983636
-0.983942
-0.982561
-0.985434
-0.985386
-0.983686
-0.985292
-0.98406
-0.984939
-0.98428
-0.983976
-0.984818
-0.985129
-0.984457
-0.984166
-0.985163
-0.985099
-0.983711
-0.983953
-0.984039
-0.983608
-0.983836
-0.984097
-0.985102
-0.984098
-0.98505
-0.982904
-0.984727
-0.982996
-0.983855
-0.984172
-0.983807
-0.984553
-0.985085
-0.985115
-0.984154
-0.984034
-0.985527
-0.984231
-0.984666
-0.984752
-0.984517
-0.985247
-0.984786
-0.983964
-0.984066
-0.983996
-0.984619
-0.985518
-0.98516
-0.983766
-0.985651
-0.983351
-0.984791
-0.984356
-0.982696
-0.98274
-0.983749
-0.982602
-0.983186
-0.982613
-0.98257
-0.983082
-0.983811
-0.983935
-0.98496
-0.984658
-0.984571
-0.983957
-0.98378
-0.984655
-0.985574
-0.984751
-0.985209
-0.984824
-0.985575
-0.984338
-0.985065
