-0.978713
-0.978481
-0.979342
-0.976765
-0.976557
-0.977555
-0.978767
-0.977627
-0.976739
-0.977364
-0.977254
-0.977792
-0.977814
-0.976535
-0.977126
-0.977542
-0.976616
-0.976539
-0.976528
-0.976586
-0.976747
-0.97744
-0.977253
-0.976587
-0.976863
-0.977514
-0.978436
-0.976818
-0.977387
-0.977351
-0.978898
-0.97975
-0.97846
-0.976732
-0.97687
-0.978057
-0.978014
-0.977325
-0.978002
-0.977784
-0.977595
-0.978437
-0.977431
-0.97761
-0.978122
-0.976903
-0.977331
-0.9782
-0.977746
-0.978018
-0.97798
-0.976418
-0.978069
-0.977479
-0.978321
-0.978909
-0.976535
-0.976301
-0.976686
-0.978861
-0.978347
-0.979632
-0.976957
-0.977344
-0.976791
-0.976823
-0.977206
-0.976766
-0.977602
-0.979263
-0.979754
-0.979139
-0.97878
-0.978984
-0.976708
-0.97815
-0.979001
-0.97731
-0.979404
-0.979837
-0.978955
-0.97846
-0.977281
-0.977706
-0.977503
-0.976639
-0.978607
-0.978358
-0.977301
-0.976846
-0.976996
-0.976749
-0.976868
-0.977653
-0.976873
-0.976811
-0.976928
-0.97686
-0.976903
-0.976571
-0.976811
-0.976435
-0.977596
-0.976835
-0.976645
-0.97688
-0.976716
-0.976823
-0.979265
-0.977668
-0.976141
-0.977329
-0.97779
-0.976407
-0.977597
-0.977122
-0.977062
-0.977296
-0.977603
-0.977313
-0.976761
-0.97845
-0.977583
-0.978209
-0.97765
-0.978716
-0.978616
-0.977549
-0.977142
-0.977273
-0.977708
-0.976966
-0.978102
-0.978263
-0.977921
-0.977885
-0.977933
-0.976455
-0.978703
-0.979735
-0.979728
-0.979603
-0.978958
-0.97762
-0.977952
-0.976519
-0.976454
-0.976486
-0.97624
-0.97798
-0.976863
-0.979843
-0.980788
-0.978454
-0.978631
-0.977904
-0.979763
-0.97857
-0.978855
-0.97909
-0.979802
-0.978012
-0.976877
-0.97838
-0.978235
-0.978517
-0.978176
-0.979151
-0.979607
-0.978536
-0.97897
-0.978085
-0.976887
-0.976696
-0.977947
-0.977027
-0.979293
-0.97856
-0.97836
-0.979365
-0.977586
-0.978245
-0.976722
-0.979763
-0.97924
-0.977763
-0.979297
-0.978223
-0.98032
-0.978979
-0.979101
-0.979963
-0.977998
-0.979596
-0.978376
-0.979221
-0.978335
-0.978439
-0.979238
-0.979289
-0.977996
-0.977587
-0.978906
-0.978661
-0.979621
-0.979341
-0.97881
-0.979603
-0.977526
-0.977467
-0.977667
-0.979427
-0.977813
-0.978018
-0.977791
-0.976559
-0.97784
-0.977011
-0.976928
-0.976868
-0.977299
-0.977672
-0.978084
-0.977961
-0.979481
-0.97785
-0.979579
-0.97824
-0.977856
-0.978957
-0.979693
-0.977663
-0.978253
-0.978188
-0.978306
-0.978472
-0.978362
-0.978408
-0.978432
-0.976473
-0.97679
-0.976387
-0.97834
-0.977065
-0.978285
-0.977893
-0.978124
-0.978121
-0.976904
-0.97674
-0.976606
-0.977874
-0.977762
-0.977733
-0.977931
-0.97784
-0.976567
-0.976502
-0.977647
-0.976869
-0.978755
-0.97927
-0.978296
-0.9778
-0.976189
-0.976274
-0.976328
-0.977163
-0.97752
-0.977073
-0.977816
-0.976266
-0.976564
-0.977671
-0.97733
-0.977429
-0.977183
-0.977777
-0.977196
-0.976274
-0.978886
-0.977943
-0.976284
-0.977143
-0.976511
-0.979264
-0.978296
-0.978698
-0.97879
-0.977915
-0.980019
-0.979462
-0.976925
-0.980313
-0.978358
-0.979637
-0.978864
-0.980003
-0.979752
-0.979221
-0.978437
-0.976976
-0.979445
-0.97859
-0.978192
-0.979748
-0.979725
-0.980011
-0.979444
-0.979362
-0.976369
-0.978289
-0.978122
-0.976367
-0.976473
-0.977227
-0.977415
-0.977274
-0.976111
-0.976509
-0.976648
-0.977964
-0.977293
-0.977819
-0.977466
-0.979483
-0.978159
-0.979112
-0.978524
-0.97907
-0.97784
-0.978082
-0.977752
-0.979589
-0.978899
-0.977622
-0.977035
-0.976606
-0.977158
-0.97686
-0.977146
-0.977103
-0.976563
-0.978061
-0.977466
-0.977747
-0.977654
-0.977912
-0.976354
-0.978063
-0.977521
-0.977605
-0.97771
-0.977919
-0.977579
-0.97782
-0.977635
-0.977832
-0.977288
-0.978028
-0.979367
-0.976345
-0.979921
-0.978505
-0.979306
-0.978171
-0.979028
-0.978857
-0.978256
-0.976214
-0.976639
-0.97788
-0.978354
-0.979066
-0.976718
-0.979766
-0.977693
-0.979764
-0.979045
-0.977933
-0.978619
-0.978879
-0.977938
-0.977988
-0.977576
-0.977996
-0.978218
-0.97794
-0.97837
-0.97775
-0.979016
-0.978483
-0.979358
-0.977921
-0.977551
-0.978305
-0.978769
-0.979529
-0.97881
-0.977925
-0.978777
-0.979015
-0.977335
-0.978861
-0.978706
-0.979396
-0.977924
-0.977253
-0.97688
-0.97678
-0.978035
-0.977854
-0.978057
-0.976198
-0.976463
-0.976203
-0.976549
-0.976159
-0.976159
-0.976392
-0.976159
-0.977027
-0.97614
-0.977033
-0.976383
-0.977044
-0.976383
-0.976182
-0.978971
-0.976463
-0.976159
-0.976276
-0.977933
-0.977752
-0.977254
-0.977712
-0.977869
-0.978008
-0.977983
-0.977792
-0.976575
-0.978511
-0.977786
-0.978541
-0.979389
-0.978044
-0.979454
-0.979276
-0.979365
-0.978552
-0.976157
-0.977425
-0.977507
-0.978039
-0.97606
-0.976319
-0.976588
-0.979042
-0.976512
-0.978557
-0.979338
-0.978737
-0.97666
-0.976667
-0.977635
-0.977728
-0.977749
-0.979947
-0.979817
-0.977231
-0.976755
-0.976526
-0.976624
-0.976797
-0.977253
-0.97648
-0.977898
-0.977722
-0.977786
-0.977863
-0.977618
-0.978943
-0.977342
-0.977181
-0.978415
-0.978482
-0.976594
-0.978259
-0.977003
-0.976777
-0.977244
-0.979874
-0.978949
-0.978366
-0.977825
-0.978005
-0.97686
-0.977387
-0.977357
-0.976835
-0.976435
-0.976789
-0.977304
-0.976654
-0.978137
-0.976896
-0.97619
-0.977067
-0.977026
-0.976616
-0.976736
-0.979243
-0.978248
-0.978222
-0.97943
-0.97975
-0.979809
-0.978416
-0.977822
-0.978136
-0.9784
-0.979303
-0.97882
-0.980128
-0.978991
-0.978297
-0.977974
-0.977276
-0.979182
-0.979328
-0.978757
-0.979587
-0.977974
-0.978966
-0.978625
-0.977762
-0.978561
-0.979405
-0.979507
-0.979051
-0.978859
-0.978988
-0.977974
-0.977838
-0.978065
-0.977401
-0.977176
-0.97922
-0.977781
-0.977472
-0.977169
-0.977606
-0.977975
-0.978078
-0.97749
-0.977248
-0.977946
-0.976656
-0.978467
-0.978264
-0.978499
-0.977891
-0.978136
-0.977712
-0.977169
-0.978396
-0.977748
-0.976459
-0.977972
-0.976557
-0.976603
-0.97795
-0.978476
-0.97842
-0.976459
-0.976624
-0.978056
-0.97785
-0.978516
-0.976552
-0.977511
-0.977627
-0.978403
-0.978256
-0.978276
-0.97851
-0.978045
-0.979223
-0.978059
-0.97812
-0.978657
-0.978262
-0.97838
-0.978598
-0.979079
-0.979124
-0.978283
-0.977861
-0.978518
-0.979771
-0.979874
-0.97806
-0.977983
-0.979231
-0.979014
-0.97739
-0.977354
-0.977573
-0.977668
-0.977657
-0.977746
-0.977267
-0.978062
-0.978006
-0.977224
-0.977806
-0.977684
-0.977284
-0.977941
-0.97748
-0.977871
-0.977902
-0.977794
-0.977757
-0.978376
-0.978829
-0.979152
-0.977605
-0.977782
-0.977519
-0.976794
-0.977042
-0.97834
-0.977343
-0.977328
-0.978987
-0.980117
-0.979334
-0.979102
-0.97962
-0.979517
-0.978059
-0.979131
-0.978334
-0.979692
-0.978166
-0.978257
-0.980007
-0.976635
-0.979952
-0.978104
-0.978803
-0.979252
-0.978864
-0.978599
-0.978525
-0.979028
-0.978573
-0.977573
-0.97793
-0.978351
-0.978327
-0.977806
-0.978364
-0.978226
-0.978127
-0.979993
-0.977826
-0.97922
-0.980305
-0.978956
-0.97915
-0.978286
-0.978724
-0.979607
-0.979294
-0.979469
-0.978544
-0.97902
-0.978959
-0.978453
-0.978262
-0.979547
-0.978096
-0.979515
-0.97908
-0.979355
-0.979441
-0.978341
-0.978171
-0.97827
-0.978663
-0.980156
-0.979763
-0.979792
-0.979145
-0.97965
-0.979591
-0.979583
-0.980131
-0.980017
-0.98015
-0.980056
-0.980232
-0.979851
-0.979859
-0.978948
-0.979526
-0.979006
-0.977958
-0.977521
-0.977388
-0.977819
-0.977464
-0.977809
-0.977233
-0.977778
-0.977861
-0.977688
-0.977718
-0.977792
-0.979005
-0.979689
-0.977884
-0.979362
-0.979246
-0.976144
-0.979231
-0.976445
-0.979443
-0.978758
-0.979706
-0.978549
-0.97866
-0.978729
-0.977945
-0.976144
-0.979475
-0.978818
-0.978398
-0.978599
-0.978385
-0.978918
-0.978932
-0.978657
-0.978795
-0.978251
-0.978494
-0.978526
-0.978891
-0.978634
-0.978747
-0.980003
-0.980129
-0.978359
-0.979719
-0.978073
-0.978313
-0.97774
-0.977932
-0.978181
-0.978395
-0.977672
-0.979845
-0.97771
-0.9786
-0.979208
-0.979684
-0.978282
-0.979323
-0.980216
-0.978399
-0.979897
-0.979162
-0.978528
-0.977487
-0.977336
-0.97692
-0.976649
-0.9766
-0.977854
-0.977428
-0.978217
-0.97952
-0.978385
-0.978907
-0.98025
-0.979418
-0.976954
-0.979432
-0.979084
-0.978963
-0.978807
-0.978725
-0.976767
-0.979136
-0.979969
-0.979626
-0.979177
-0.979227
-0.980022
-0.978604
-0.978551
-0.978993
-0.978581
-0.978554
-0.979256
-0.97712
-0.976794
-0.976645
-0.97668
-0.976879
-0.977644
-0.976731
-0.977668
-0.977817
-0.977844
-0.976805
-0.978129
-0.976908
-0.977083
-0.978125
-0.977359
-0.978771
-0.977183
-0.978784
-0.977207
-0.978384
-0.979147
-0.979907
-0.97851
-0.976466
-0.978013
-0.978687
-0.977122
-0.9773
-0.978186
-0.978428
-0.978797
-0.978915
-0.978382
-0.978464
-0.979446
-0.977781
-0.979536
-0.979205
-0.979351
-0.978935
-0.97919
-0.978553
-0.979647
-0.978427
-0.979529
-0.980112
-0.9798
-0.979587
-0.979346
-0.98018
-0.980126
-0.980126
-0.98022
-0.978477
-0.979805
-0.978541
-0.979551
-0.979029
-0.976545
-0.978543
-0.978724
-0.976522
-0.978288
-0.976721
-0.977939
-0.97823
-0.977683
-0.97814
-0.978732
-0.978701
-0.979115
-0.978424
-0.978188
-0.97744
-0.976787
-0.978349
-0.978885
-0.978059
-0.976267
-0.978458
-0.978316
-0.977171
-0.977194
-0.977594
-0.97768
-0.978572
-0.977858
-0.97768
-0.978572
-0.9781
-0.978877
-0.978625
-0.97828
-0.978377
-0.980175
-0.978115
-0.979192
-0.979313
-0.977786
-0.979103
-0.980056
-0.979477
-0.978265
-0.978017
-0.978829
-0.979266
-0.978425
-0.978608
-0.98025
-0.979654
-0.980471
-0.977319
-0.978684
-0.979585
-0.977777
-0.978253
-0.976517
-0.979652
-0.979655
-0.977834
-0.97963
-0.978407
-0.979276
-0.97826
-0.978134
-0.979048
-0.979386
-0.97859
-0.978326
-0.979412
-0.979327
-0.977806
-0.978106
-0.978141
-0.977934
-0.977938
-0.978174
-0.979399
-0.978231
-0.979209
-0.977113
-0.979026
-0.977239
-0.978141
-0.978527
-0.97817
-0.978791
-0.979411
-0.979367
-0.978418
-0.978302
-0.979974
-0.978537
-0.979067
-0.97904
-0.978984
-0.979893
-0.979278
-0.978319
-0.978513
-0.978084
-0.97886
-0.979805
-0.979673
-0.978348
-0.980011
-0.97777
-0.979
-0.97861
-0.976831
-0.976913
-0.978094
-0.976618
-0.977244
-0.976818
-0.976512
-0.977081
-0.978137
-0.978468
-0.979208
-0.979181
-0.978717
-0.978275
-0.978114
-0.979222
-0.980037
-0.979022
-0.979693
-0.978967
-0.979715
-0.978497
-0.979194
