-0.947356
-0.94667
-0.949076
-0.942989
-0.942508
-0.944592
-0.947553
-0.944423
-0.943181
-0.944867
-0.944376
-0.945357
-0.945252
-0.943053
-0.943993
-0.944754
-0.942612
-0.943006
-0.942485
-0.942433
-0.943203
-0.944792
-0.944196
-0.942604
-0.943368
-0.944728
-0.946726
-0.943185
-0.944311
-0.944257
-0.948079
-0.949893
-0.946758
-0.943192
-0.943132
-0.94608
-0.945506
-0.944186
-0.945666
-0.945067
-0.944963
-0.946563
-0.94455
-0.944999
-0.946036
-0.943273
-0.944328
-0.945999
-0.945184
-0.945777
-0.945493
-0.941952
-0.945933
-0.944676
-0.945963
-0.947894
-0.94239
-0.941981
-0.942867
-0.948139
-0.946744
-0.949333
-0.943274
-0.944429
-0.943298
-0.943232
-0.944002
-0.943224
-0.944957
-0.949088
-0.949876
-0.948806
-0.947645
-0.948017
-0.942997
-0.946013
-0.94789
-0.944066
-0.94961
-0.950091
-0.948127
-0.946741
-0.943853
-0.944746
-0.945082
-0.942801
-0.947025
-0.946404
-0.944036
-0.943163
-0.943672
-0.943248
-0.943488
-0.94497
-0.943342
-0.94317
-0.943479
-0.943113
-0.943585
-0.942635
-0.94317
-0.942187
-0.944702
-0.943313
-0.943041
-0.943488
-0.942917
-0.943359
-0.94862
-0.944738
-0.941922
-0.944362
-0.945043
-0.942614
-0.944745
-0.943987
-0.944067
-0.944452
-0.944535
-0.944325
-0.94311
-0.946659
-0.944572
-0.945942
-0.944836
-0.947638
-0.947039
-0.944618
-0.94404
-0.944419
-0.94465
-0.9435
-0.94563
-0.946415
-0.945457
-0.94526
-0.945512
-0.942393
-0.947977
-0.950018
-0.950047
-0.949967
-0.948207
-0.944857
-0.94575
-0.942234
-0.942112
-0.942657
-0.941877
-0.945697
-0.943042
-0.950218
-0.95273
-0.946909
-0.947186
-0.945281
-0.950067
-0.947048
-0.947735
-0.948298
-0.949994
-0.945523
-0.943328
-0.946707
-0.945943
-0.946967
-0.945247
-0.948601
-0.949769
-0.946985
-0.947846
-0.946164
-0.943264
-0.942921
-0.945594
-0.943825
-0.94874
-0.947258
-0.946609
-0.949119
-0.944782
-0.946547
-0.942883
-0.950334
-0.948984
-0.945455
-0.94894
-0.946595
-0.951339
-0.948309
-0.948407
-0.950197
-0.945895
-0.949938
-0.947082
-0.949272
-0.946761
-0.946669
-0.948694
-0.948745
-0.945846
-0.944708
-0.948139
-0.947594
-0.949967
-0.949379
-0.947863
-0.949985
-0.944778
-0.944654
-0.94508
-0.949476
-0.945637
-0.946121
-0.945614
-0.942659
-0.945634
-0.943341
-0.943533
-0.943289
-0.943869
-0.945403
-0.946012
-0.946004
-0.949494
-0.945387
-0.94974
-0.946879
-0.945546
-0.948498
-0.94994
-0.944834
-0.946306
-0.946244
-0.946407
-0.946563
-0.946495
-0.946643
-0.947052
-0.942366
-0.942952
-0.942323
-0.94649
-0.943344
-0.946281
-0.94534
-0.945955
-0.946113
-0.943266
-0.942933
-0.942817
-0.945468
-0.945254
-0.944935
-0.945127
-0.94534
-0.942555
-0.942389
-0.944958
-0.943262
-0.947602
-0.948219
-0.946518
-0.945454
-0.941858
-0.941968
-0.941986
-0.944006
-0.944942
-0.943685
-0.945167
-0.941714
-0.942706
-0.9453
-0.94422
-0.944744
-0.944099
-0.945316
-0.944031
-0.941985
-0.947757
-0.945402
-0.941968
-0.943611
-0.942442
-0.948555
-0.946518
-0.947609
-0.947586
-0.945404
-0.950471
-0.94989
-0.943101
-0.951288
-0.946693
-0.949734
-0.947619
-0.950708
-0.949952
-0.948765
-0.946738
-0.943564
-0.949364
-0.947262
-0.946166
-0.950084
-0.949971
-0.950925
-0.949329
-0.949013
-0.942063
-0.946425
-0.946131
-0.94189
-0.942324
-0.944155
-0.944523
-0.944253
-0.941787
-0.942761
-0.942844
-0.945287
-0.944123
-0.945196
-0.94462
-0.949773
-0.946073
-0.948587
-0.947107
-0.948072
-0.945577
-0.946045
-0.945211
-0.949823
-0.947369
-0.944878
-0.943365
-0.94268
-0.943955
-0.942629
-0.943868
-0.943797
-0.942757
-0.946345
-0.944413
-0.944948
-0.944695
-0.945871
-0.942374
-0.946065
-0.944579
-0.944992
-0.945327
-0.945726
-0.944551
-0.945158
-0.945054
-0.94544
-0.944074
-0.945998
-0.949574
-0.942534
-0.95093
-0.94711
-0.949268
-0.946727
-0.94875
-0.947907
-0.946481
-0.941998
-0.942773
-0.945696
-0.94653
-0.948694
-0.942913
-0.950445
-0.945092
-0.950002
-0.948117
-0.945618
-0.946825
-0.947716
-0.945157
-0.945717
-0.945533
-0.945319
-0.946356
-0.945836
-0.946535
-0.944317
-0.948885
-0.947102
-0.9501
-0.945627
-0.944626
-0.946596
-0.947159
-0.949015
-0.947687
-0.945627
-0.947784
-0.948903
-0.944597
-0.947883
-0.947056
-0.949385
-0.945298
-0.944182
-0.942827
-0.94327
-0.945856
-0.945771
-0.945532
-0.941732
-0.942367
-0.941756
-0.942518
-0.941844
-0.941844
-0.942295
-0.941844
-0.943826
-0.941699
-0.944027
-0.942456
-0.943373
-0.942456
-0.941701
-0.947939
-0.942367
-0.941844
-0.941901
-0.94544
-0.945136
-0.943826
-0.944875
-0.945303
-0.945423
-0.945624
-0.945084
-0.942422
-0.946416
-0.94509
-0.946782
-0.9489
-0.945798
-0.949218
-0.948728
-0.948933
-0.946937
-0.941822
-0.943977
-0.944225
-0.945823
-0.941418
-0.942179
-0.942575
-0.948011
-0.942232
-0.947245
-0.948757
-0.947255
-0.942988
-0.94271
-0.945058
-0.945121
-0.945178
-0.950542
-0.949988
-0.944362
-0.943305
-0.942979
-0.943166
-0.943241
-0.944142
-0.942809
-0.945891
-0.9454
-0.945423
-0.945608
-0.944933
-0.948072
-0.944061
-0.943868
-0.946551
-0.946624
-0.9427
-0.946364
-0.943687
-0.943613
-0.943945
-0.950504
-0.948049
-0.946463
-0.945388
-0.945937
-0.943128
-0.94421
-0.944067
-0.943197
-0.94216
-0.943007
-0.943872
-0.942849
-0.945964
-0.943331
-0.941679
-0.943589
-0.943829
-0.942724
-0.943389
-0.949061
-0.946308
-0.946362
-0.949295
-0.950194
-0.950206
-0.94661
-0.94499
-0.946247
-0.946624
-0.949004
-0.947682
-0.951276
-0.94861
-0.94646
-0.945748
-0.944274
-0.948368
-0.948824
-0.947711
-0.949777
-0.945937
-0.947984
-0.947131
-0.944887
-0.947175
-0.94886
-0.948931
-0.948768
-0.947771
-0.947913
-0.945538
-0.945074
-0.945937
-0.944769
-0.943972
-0.948815
-0.945097
-0.94477
-0.94399
-0.944733
-0.94568
-0.945855
-0.944822
-0.944009
-0.945331
-0.942949
-0.946857
-0.94605
-0.946627
-0.945418
-0.945923
-0.945168
-0.943819
-0.946201
-0.945192
-0.942516
-0.94565
-0.942489
-0.942367
-0.945687
-0.946646
-0.946709
-0.942425
-0.942367
-0.94598
-0.94524
-0.946686
-0.942565
-0.944852
-0.944589
-0.946388
-0.94613
-0.946529
-0.946724
-0.94569
-0.948642
-0.945628
-0.945713
-0.947068
-0.94625
-0.946468
-0.946803
-0.948116
-0.947877
-0.946061
-0.945266
-0.946557
-0.950254
-0.950497
-0.945641
-0.945526
-0.94892
-0.948484
-0.944712
-0.944783
-0.94497
-0.94489
-0.945918
-0.945645
-0.94438
-0.945992
-0.946027
-0.944238
-0.945554
-0.945381
-0.944313
-0.945509
-0.944825
-0.946051
-0.945236
-0.945569
-0.945443
-0.946524
-0.948373
-0.948591
-0.945097
-0.946006
-0.944619
-0.943404
-0.943753
-0.946671
-0.944262
-0.944548
-0.948136
-0.950814
-0.949025
-0.948827
-0.950026
-0.949257
-0.945931
-0.948745
-0.946446
-0.95018
-0.946225
-0.946265
-0.950742
-0.94239
-0.950598
-0.945978
-0.947451
-0.949003
-0.948069
-0.947262
-0.94667
-0.948254
-0.946866
-0.94464
-0.945531
-0.946679
-0.946348
-0.945444
-0.946844
-0.946017
-0.945941
-0.950618
-0.945024
-0.948631
-0.951804
-0.948325
-0.948468
-0.946671
-0.947681
-0.949825
-0.949123
-0.950022
-0.947113
-0.948871
-0.948223
-0.946787
-0.946555
-0.949964
-0.945898
-0.949463
-0.94866
-0.949194
-0.949214
-0.946819
-0.946084
-0.946444
-0.94707
-0.950926
-0.949954
-0.950459
-0.948688
-0.950035
-0.949534
-0.94965
-0.950874
-0.951101
-0.951309
-0.951062
-0.951252
-0.950554
-0.950653
-0.948031
-0.949352
-0.948081
-0.945417
-0.944272
-0.944088
-0.945065
-0.944103
-0.94527
-0.943886
-0.945087
-0.945028
-0.944824
-0.94481
-0.944757
-0.948098
-0.949931
-0.945241
-0.948826
-0.94921
-0.941861
-0.948777
-0.942472
-0.949213
-0.947794
-0.949705
-0.946982
-0.947125
-0.947478
-0.945479
-0.941861
-0.949117
-0.947688
-0.94673
-0.946886
-0.946589
-0.947792
-0.947874
-0.94711
-0.947503
-0.946234
-0.947009
-0.94713
-0.947786
-0.947537
-0.947553
-0.950473
-0.951473
-0.946974
-0.950062
-0.945782
-0.946508
-0.944939
-0.945663
-0.946203
-0.946563
-0.945047
-0.950368
-0.945263
-0.94733
-0.948547
-0.949834
-0.946373
-0.948777
-0.951475
-0.946505
-0.950145
-0.948342
-0.947176
-0.944549
-0.944046
-0.943175
-0.942849
-0.942585
-0.945584
-0.94411
-0.946329
-0.949437
-0.946059
-0.947927
-0.951416
-0.949295
-0.943366
-0.948987
-0.948487
-0.948315
-0.947589
-0.947303
-0.942773
-0.948193
-0.950251
-0.949863
-0.948575
-0.948437
-0.950892
-0.947365
-0.946635
-0.947852
-0.946848
-0.946589
-0.948446
-0.94402
-0.943309
-0.943106
-0.943302
-0.943361
-0.945006
-0.943026
-0.945231
-0.945341
-0.945364
-0.943323
-0.946237
-0.943513
-0.943926
-0.946131
-0.944408
-0.94772
-0.944393
-0.947967
-0.944358
-0.94712
-0.948758
-0.950634
-0.946891
-0.942559
-0.94608
-0.947669
-0.944116
-0.944263
-0.946223
-0.946859
-0.947489
-0.947672
-0.946455
-0.947275
-0.949354
-0.945376
-0.94932
-0.948533
-0.949212
-0.948014
-0.948645
-0.947244
-0.950294
-0.946519
-0.949803
-0.951391
-0.9501
-0.949589
-0.948987
-0.951042
-0.950727
-0.950727
-0.951054
-0.946676
-0.950057
-0.946728
-0.949811
-0.948309
-0.942884
-0.947465
-0.947796
-0.942541
-0.946248
-0.943144
-0.945365
-0.946493
-0.945434
-0.946125
-0.947877
-0.947314
-0.947922
-0.946701
-0.946334
-0.944554
-0.942818
-0.946575
-0.947714
-0.946063
-0.942083
-0.946568
-0.946535
-0.943989
-0.944069
-0.944832
-0.94491
-0.947088
-0.945417
-0.94491
-0.947088
-0.946223
-0.948141
-0.947421
-0.946582
-0.946439
-0.951171
-0.946424
-0.948714
-0.948556
-0.945211
-0.948471
-0.950843
-0.949503
-0.946124
-0.945599
-0.947474
-0.94871
-0.946505
-0.946957
-0.951292
-0.949783
-0.951754
-0.944345
-0.947264
-0.949343
-0.94557
-0.946298
-0.942759
-0.94983
-0.949944
-0.945544
-0.949634
-0.946766
-0.948909
-0.946431
-0.946033
-0.94835
-0.94916
-0.947322
-0.946733
-0.949192
-0.949142
-0.945336
-0.946174
-0.946276
-0.945613
-0.945656
-0.946241
-0.949359
-0.946289
-0.949105
-0.943921
-0.948408
-0.944069
-0.946452
-0.946951
-0.946135
-0.94804
-0.949394
-0.949352
-0.946766
-0.946039
-0.950798
-0.947369
-0.948318
-0.94846
-0.947772
-0.950397
-0.949282
-0.946469
-0.94687
-0.946102
-0.947898
-0.950675
-0.949919
-0.946208
-0.950964
-0.945089
-0.948461
-0.947237
-0.943277
-0.943131
-0.945888
-0.942712
-0.944198
-0.943402
-0.942683
-0.943791
-0.94616
-0.946675
-0.949146
-0.948533
-0.94771
-0.946558
-0.946185
-0.948676
-0.950728
-0.948502
-0.949881
-0.948488
-0.950127
-0.947035
-0.949206
