-0.984581
-0.984802
-0.985521
-0.982864
-0.982874
-0.983805
-0.984897
-0.98379
-0.983179
-0.98363
-0.983647
-0.983958
-0.984024
-0.982871
-0.98349
-0.983789
-0.982883
-0.982864
-0.982881
-0.982844
-0.983194
-0.98381
-0.983573
-0.982882
-0.983291
-0.983738
-0.984723
-0.983155
-0.983752
-0.983576
-0.985118
-0.985729
-0.984472
-0.98308
-0.983091
-0.984185
-0.984184
-0.983576
-0.98418
-0.983927
-0.983711
-0.984477
-0.983634
-0.983777
-0.984205
-0.983313
-0.983545
-0.984196
-0.983882
-0.984069
-0.984103
-0.982812
-0.984202
-0.983721
-0.984237
-0.984993
-0.982703
-0.982554
-0.982968
-0.984775
-0.984578
-0.98562
-0.983194
-0.983645
-0.983006
-0.983021
-0.983339
-0.983057
-0.983919
-0.985263
-0.985607
-0.985268
-0.984785
-0.984935
-0.983175
-0.984325
-0.984916
-0.983499
-0.985567
-0.985658
-0.985024
-0.984377
-0.983328
-0.983674
-0.983787
-0.982899
-0.984619
-0.984364
-0.983451
-0.983068
-0.982913
-0.982767
-0.982903
-0.983789
-0.982887
-0.98283
-0.982919
-0.982748
-0.983013
-0.982907
-0.982829
-0.982528
-0.983724
-0.982839
-0.982852
-0.982904
-0.982797
-0.982903
-0.985238
-0.983798
-0.982617
-0.983552
-0.983861
-0.982922
-0.983742
-0.983602
-0.983388
-0.983568
-0.983792
-0.983402
-0.98299
-0.984487
-0.983796
-0.984341
-0.983847
-0.984733
-0.984505
-0.983939
-0.983532
-0.983693
-0.983888
-0.983304
-0.984221
-0.984497
-0.983925
-0.98414
-0.984215
-0.982605
-0.984823
-0.985765
-0.985662
-0.985597
-0.984828
-0.983645
-0.983939
-0.9828
-0.9828
-0.982953
-0.982425
-0.984005
-0.982882
-0.985834
-0.986738
-0.984632
-0.984606
-0.983944
-0.985628
-0.984636
-0.984984
-0.985315
-0.985393
-0.98392
-0.983165
-0.984325
-0.98409
-0.984621
-0.984067
-0.98513
-0.985508
-0.984543
-0.984721
-0.984289
-0.983098
-0.98294
-0.98403
-0.98339
-0.985242
-0.984658
-0.984556
-0.985479
-0.983809
-0.984454
-0.982948
-0.985868
-0.985051
-0.984058
-0.985289
-0.984493
-0.986191
-0.985225
-0.984888
-0.985805
-0.984225
-0.98574
-0.984677
-0.98536
-0.984417
-0.984621
-0.985303
-0.98548
-0.983977
-0.983915
-0.985138
-0.984735
-0.985597
-0.98534
-0.984893
-0.98563
-0.983683
-0.983711
-0.983858
-0.985347
-0.984178
-0.983836
-0.983791
-0.982729
-0.983809
-0.983163
-0.98318
-0.98294
-0.983432
-0.983765
-0.98423
-0.984086
-0.985283
-0.983898
-0.985401
-0.984345
-0.983887
-0.985015
-0.985737
-0.983978
-0.98439
-0.984264
-0.984498
-0.984572
-0.984487
-0.984456
-0.98457
-0.982721
-0.982939
-0.982691
-0.984324
-0.983198
-0.984204
-0.983966
-0.984197
-0.984278
-0.983074
-0.983026
-0.983022
-0.984059
-0.983968
-0.983978
-0.983997
-0.983913
-0.982549
-0.982857
-0.983412
-0.983071
-0.984707
-0.985078
-0.984363
-0.983987
-0.982732
-0.982484
-0.982533
-0.983424
-0.983693
-0.983213
-0.983883
-0.98254
-0.98292
-0.983873
-0.983548
-0.983512
-0.983486
-0.983864
-0.983436
-0.9825
-0.984739
-0.984119
-0.982485
-0.983317
-0.982868
-0.985159
-0.984363
-0.984678
-0.98481
-0.984054
-0.986084
-0.985507
-0.98334
-0.986154
-0.984443
-0.985507
-0.984726
-0.985923
-0.985592
-0.985135
-0.98453
-0.983046
-0.985486
-0.9848
-0.984397
-0.985914
-0.985756
-0.985914
-0.985451
-0.985503
-0.982453
-0.984567
-0.984291
-0.982788
-0.982863
-0.983498
-0.983456
-0.983415
-0.982516
-0.982908
-0.982849
-0.983968
-0.98351
-0.983833
-0.983614
-0.985522
-0.984151
-0.985167
-0.984605
-0.985103
-0.984177
-0.984257
-0.983951
-0.985784
-0.984912
-0.983835
-0.983281
-0.983051
-0.983365
-0.983142
-0.98357
-0.983346
-0.982791
-0.984371
-0.983612
-0.983954
-0.98392
-0.984053
-0.982715
-0.984264
-0.983601
-0.983823
-0.983872
-0.984171
-0.983742
-0.98404
-0.983885
-0.983988
-0.983669
-0.98406
-0.985197
-0.982689
-0.985713
-0.984408
-0.985423
-0.984322
-0.98502
-0.984963
-0.984067
-0.982402
-0.982754
-0.983841
-0.984336
-0.985049
-0.98297
-0.985831
-0.983815
-0.985649
-0.984936
-0.984192
-0.984676
-0.984817
-0.983988
-0.984095
-0.98368
-0.984058
-0.984316
-0.983842
-0.984259
-0.983778
-0.984947
-0.984418
-0.98559
-0.984011
-0.983607
-0.984351
-0.984555
-0.985242
-0.984756
-0.984149
-0.984791
-0.984866
-0.983365
-0.98475
-0.984583
-0.985332
-0.983966
-0.983338
-0.983143
-0.983134
-0.984016
-0.983925
-0.984111
-0.982598
-0.982974
-0.982598
-0.982879
-0.982631
-0.982631
-0.982734
-0.982631
-0.983161
-0.98258
-0.983394
-0.982987
-0.98324
-0.982987
-0.982533
-0.984641
-0.982976
-0.982631
-0.982669
-0.984001
-0.984013
-0.983599
-0.983877
-0.984046
-0.984083
-0.984277
-0.983819
-0.982638
-0.98464
-0.983927
-0.984503
-0.985179
-0.984097
-0.985622
-0.985195
-0.985486
-0.984456
-0.982552
-0.983585
-0.983768
-0.984261
-0.982547
-0.982613
-0.982941
-0.985133
-0.982883
-0.984802
-0.985238
-0.984847
-0.982942
-0.982992
-0.983934
-0.983932
-0.983849
-0.985841
-0.985705
-0.983489
-0.98311
-0.982953
-0.983137
-0.98318
-0.983411
-0.982867
-0.98405
-0.983882
-0.983878
-0.98393
-0.983685
-0.984884
-0.983447
-0.983469
-0.984488
-0.984399
-0.982659
-0.984279
-0.983269
-0.983075
-0.983149
-0.985982
-0.984999
-0.984373
-0.983841
-0.984128
-0.983023
-0.983443
-0.983411
-0.982967
-0.98266
-0.982808
-0.98329
-0.982829
-0.984171
-0.983285
-0.982716
-0.983285
-0.983387
-0.983056
-0.983204
-0.985404
-0.984323
-0.984394
-0.985604
-0.985748
-0.985871
-0.984437
-0.983906
-0.984315
-0.984462
-0.985463
-0.984671
-0.985942
-0.98503
-0.984202
-0.9841
-0.983522
-0.98526
-0.985264
-0.98498
-0.985539
-0.984163
-0.985058
-0.984749
-0.983807
-0.984631
-0.985294
-0.985458
-0.985419
-0.984953
-0.984989
-0.984268
-0.983974
-0.984242
-0.983654
-0.983619
-0.985218
-0.984029
-0.983841
-0.983596
-0.983896
-0.984326
-0.984375
-0.983707
-0.983619
-0.983871
-0.982918
-0.984554
-0.984304
-0.984654
-0.984044
-0.984118
-0.983733
-0.983346
-0.984408
-0.983841
-0.982815
-0.984105
-0.982775
-0.98264
-0.984053
-0.984456
-0.984375
-0.982987
-0.98264
-0.984163
-0.984051
-0.984487
-0.982751
-0.983691
-0.98381
-0.984352
-0.98438
-0.984325
-0.984367
-0.984099
-0.984961
-0.984193
-0.984101
-0.984852
-0.984629
-0.984357
-0.984657
-0.98497
-0.984927
-0.984094
-0.984089
-0.984453
-0.985538
-0.985905
-0.984056
-0.98399
-0.985182
-0.985006
-0.983638
-0.983685
-0.98376
-0.983908
-0.98401
-0.983972
-0.983572
-0.98446
-0.984234
-0.983523
-0.984065
-0.984019
-0.983591
-0.984159
-0.983763
-0.984147
-0.983988
-0.98408
-0.984051
-0.984594
-0.984938
-0.985479
-0.983935
-0.984143
-0.983756
-0.983194
-0.983449
-0.984694
-0.983547
-0.983661
-0.98525
-0.986109
-0.985487
-0.985214
-0.985869
-0.985502
-0.984241
-0.985283
-0.984252
-0.985596
-0.984212
-0.984126
-0.98593
-0.982926
-0.985691
-0.98436
-0.984812
-0.985268
-0.984803
-0.984622
-0.984486
-0.985086
-0.984501
-0.983652
-0.983884
-0.984326
-0.984362
-0.984108
-0.984452
-0.984137
-0.984185
-0.985978
-0.983817
-0.985157
-0.986094
-0.984859
-0.985179
-0.984551
-0.984807
-0.985539
-0.985409
-0.985613
-0.984696
-0.98535
-0.984902
-0.984711
-0.984421
-0.98578
-0.984272
-0.985537
-0.985089
-0.985365
-0.985325
-0.984589
-0.984267
-0.984485
-0.984752
-0.986102
-0.985672
-0.985756
-0.985116
-0.985647
-0.985334
-0.985404
-0.986059
-0.986026
-0.986057
-0.985954
-0.986088
-0.985759
-0.985808
-0.984936
-0.985354
-0.985029
-0.983957
-0.983576
-0.983577
-0.983894
-0.98368
-0.983884
-0.983414
-0.983904
-0.983895
-0.983799
-0.983832
-0.983881
-0.984899
-0.985677
-0.983905
-0.985119
-0.98524
-0.982566
-0.985073
-0.982534
-0.985447
-0.984708
-0.985688
-0.984352
-0.984743
-0.98471
-0.984031
-0.982566
-0.985373
-0.984854
-0.984625
-0.98474
-0.984432
-0.984801
-0.984949
-0.984669
-0.984619
-0.984397
-0.984711
-0.984767
-0.984674
-0.984692
-0.984692
-0.985893
-0.986065
-0.984411
-0.985911
-0.984104
-0.984374
-0.983908
-0.983988
-0.984247
-0.984465
-0.983976
-0.985816
-0.983855
-0.984706
-0.985241
-0.985813
-0.98444
-0.985266
-0.986249
-0.984305
-0.98575
-0.985068
-0.984496
-0.983637
-0.983467
-0.983118
-0.982925
-0.982886
-0.983984
-0.98346
-0.984129
-0.98553
-0.984515
-0.985106
-0.986211
-0.985385
-0.983282
-0.985392
-0.985287
-0.984944
-0.984925
-0.984659
-0.982937
-0.98513
-0.985901
-0.985694
-0.985225
-0.985002
-0.985867
-0.984577
-0.984467
-0.984947
-0.984633
-0.984518
-0.985273
-0.98331
-0.983191
-0.983034
-0.983141
-0.983286
-0.983793
-0.98299
-0.983882
-0.983955
-0.983956
-0.983244
-0.98444
-0.983274
-0.983483
-0.984252
-0.983676
-0.984917
-0.983685
-0.98488
-0.983594
-0.984656
-0.985142
-0.985849
-0.984542
-0.982899
-0.984109
-0.984871
-0.983216
-0.983626
-0.984368
-0.9845
-0.984869
-0.984974
-0.984559
-0.984708
-0.985601
-0.98389
-0.985526
-0.985142
-0.985528
-0.98506
-0.985304
-0.98483
-0.985787
-0.984501
-0.985649
-0.985888
-0.985901
-0.985495
-0.985548
-0.98617
-0.985875
-0.985875
-0.985969
-0.984407
-0.985599
-0.984404
-0.985439
-0.985
-0.982841
-0.984442
-0.984858
-0.982838
-0.984434
-0.982985
-0.98396
-0.984201
-0.983877
-0.984178
-0.984722
-0.984759
-0.985182
-0.984623
-0.984478
-0.983804
-0.982915
-0.98444
-0.984674
-0.984135
-0.982586
-0.984308
-0.984364
-0.983329
-0.983467
-0.983767
-0.983883
-0.984675
-0.983818
-0.983883
-0.984675
-0.984303
-0.985071
-0.984865
-0.984249
-0.984306
-0.986006
-0.984465
-0.985194
-0.985293
-0.983969
-0.985008
-0.98597
-0.985284
-0.984365
-0.984078
-0.984711
-0.985194
-0.984575
-0.984752
-0.986346
-0.985886
-0.986344
-0.983582
-0.984683
-0.985672
-0.983942
-0.984312
-0.982816
-0.985883
-0.985825
-0.983965
-0.985678
-0.984569
-0.985347
-0.98466
-0.984312
-0.985138
-0.985496
-0.984748
-0.984574
-0.985534
-0.985462
-0.984077
-0.98432
-0.984578
-0.984021
-0.98422
-0.984553
-0.985464
-0.984485
-0.985455
-0.983328
-0.985199
-0.983381
-0.984232
-0.984509
-0.984214
-0.984985
-0.985466
-0.985516
-0.984506
-0.984386
-0.985872
-0.984589
-0.984911
-0.985059
-0.984911
-0.985641
-0.985138
-0.984331
-0.984409
-0.9844
-0.98491
-0.985961
-0.985523
-0.984219
-0.986009
-0.983776
-0.985192
-0.984742
-0.983008
-0.983124
-0.984116
-0.983012
-0.983537
-0.982955
-0.982986
-0.983484
-0.984178
-0.984275
-0.98535
-0.985112
-0.984949
-0.984305
-0.98421
-0.985105
-0.985914
-0.985055
-0.985482
-0.985184
-0.985956
-0.984564
-0.985416
