-0.981005
-0.980927
-0.981949
-0.979109
-0.97915
-0.979829
-0.981098
-0.979858
-0.979161
-0.979662
-0.979675
-0.980225
-0.980358
-0.979144
-0.979495
-0.979949
-0.978912
-0.979109
-0.979103
-0.978875
-0.979412
-0.980081
-0.979595
-0.979084
-0.979267
-0.97983
-0.98097
-0.979235
-0.979767
-0.979723
-0.981347
-0.982017
-0.980579
-0.979113
-0.979132
-0.980357
-0.980326
-0.979638
-0.980291
-0.980084
-0.979891
-0.980698
-0.979729
-0.979781
-0.98035
-0.97925
-0.979654
-0.980409
-0.980016
-0.980316
-0.980359
-0.978785
-0.980365
-0.979841
-0.980592
-0.981335
-0.978729
-0.978389
-0.979002
-0.981174
-0.980697
-0.981726
-0.979214
-0.979686
-0.978923
-0.978868
-0.979268
-0.978947
-0.979869
-0.98164
-0.9821
-0.981573
-0.981159
-0.981227
-0.978997
-0.980458
-0.981308
-0.979571
-0.981863
-0.982136
-0.981208
-0.980653
-0.979436
-0.979795
-0.979879
-0.978912
-0.98074
-0.980433
-0.97946
-0.979088
-0.979057
-0.978943
-0.979085
-0.979838
-0.979006
-0.978957
-0.979066
-0.978888
-0.979022
-0.978755
-0.978957
-0.97854
-0.979769
-0.978938
-0.978903
-0.979077
-0.978859
-0.979085
-0.981478
-0.979946
-0.978433
-0.979631
-0.980096
-0.978839
-0.979899
-0.979641
-0.979556
-0.979645
-0.979886
-0.979515
-0.979083
-0.980683
-0.979895
-0.980368
-0.980072
-0.981023
-0.980755
-0.979874
-0.979506
-0.979667
-0.979779
-0.979405
-0.980364
-0.98067
-0.98015
-0.980103
-0.98036
-0.978582
-0.981078
-0.981945
-0.981937
-0.981915
-0.981149
-0.979664
-0.980165
-0.97875
-0.978796
-0.978815
-0.9787
-0.98024
-0.979057
-0.982132
-0.983078
-0.980697
-0.980824
-0.980047
-0.982032
-0.980765
-0.981231
-0.981582
-0.981952
-0.980127
-0.979202
-0.980632
-0.980126
-0.98098
-0.980192
-0.981386
-0.981994
-0.980747
-0.981184
-0.980357
-0.979113
-0.979
-0.980179
-0.979361
-0.98165
-0.980978
-0.980754
-0.981767
-0.97989
-0.980607
-0.978909
-0.982169
-0.981311
-0.980097
-0.981554
-0.980537
-0.982503
-0.981484
-0.981111
-0.982177
-0.980413
-0.981979
-0.980766
-0.981658
-0.980672
-0.980901
-0.981544
-0.981657
-0.980196
-0.980087
-0.981279
-0.980873
-0.981859
-0.981772
-0.981184
-0.981972
-0.979881
-0.979866
-0.979984
-0.981634
-0.98022
-0.980291
-0.980077
-0.978654
-0.979911
-0.979042
-0.979061
-0.979044
-0.979497
-0.97976
-0.980211
-0.980314
-0.981737
-0.980058
-0.981882
-0.980587
-0.980009
-0.981364
-0.982042
-0.979911
-0.980379
-0.980327
-0.980512
-0.980615
-0.980575
-0.980588
-0.980565
-0.978646
-0.978954
-0.978661
-0.980439
-0.979109
-0.980362
-0.979983
-0.9803
-0.980412
-0.979024
-0.978911
-0.978892
-0.980069
-0.979914
-0.979888
-0.980014
-0.97991
-0.978757
-0.978738
-0.979772
-0.979052
-0.980999
-0.981487
-0.980604
-0.979983
-0.978345
-0.978247
-0.978269
-0.979422
-0.979687
-0.979233
-0.979891
-0.978306
-0.978807
-0.979709
-0.979539
-0.979628
-0.979372
-0.979901
-0.979313
-0.978258
-0.981037
-0.980426
-0.97824
-0.979261
-0.978681
-0.98136
-0.980604
-0.981037
-0.981114
-0.980217
-0.982373
-0.981935
-0.979185
-0.982642
-0.980647
-0.981812
-0.981094
-0.98217
-0.982035
-0.981503
-0.980803
-0.979145
-0.981658
-0.980888
-0.980448
-0.981915
-0.981983
-0.98234
-0.981618
-0.981581
-0.978408
-0.980599
-0.980342
-0.978676
-0.978788
-0.979438
-0.979604
-0.979448
-0.978369
-0.978827
-0.978801
-0.980205
-0.979552
-0.979959
-0.979751
-0.981665
-0.980399
-0.981427
-0.980722
-0.981565
-0.980337
-0.980452
-0.980121
-0.982235
-0.98124
-0.980032
-0.979463
-0.979002
-0.979469
-0.979259
-0.979575
-0.979423
-0.978944
-0.980588
-0.979686
-0.980165
-0.980147
-0.980336
-0.9786
-0.98055
-0.979774
-0.980016
-0.980073
-0.980464
-0.979928
-0.980475
-0.980022
-0.980203
-0.979686
-0.980213
-0.98155
-0.978606
-0.982078
-0.980579
-0.981725
-0.980479
-0.981287
-0.981103
-0.980346
-0.978318
-0.978742
-0.979905
-0.980561
-0.98156
-0.978995
-0.982205
-0.979998
-0.982028
-0.981056
-0.980301
-0.980798
-0.981025
-0.980034
-0.98026
-0.979908
-0.980325
-0.980555
-0.980103
-0.980507
-0.979878
-0.981173
-0.98071
-0.981985
-0.980188
-0.979752
-0.980436
-0.980764
-0.981601
-0.98095
-0.980276
-0.981032
-0.981279
-0.979495
-0.981022
-0.980886
-0.981758
-0.980009
-0.979382
-0.979173
-0.978936
-0.980263
-0.980041
-0.980254
-0.978567
-0.97889
-0.978655
-0.978964
-0.978598
-0.978598
-0.978704
-0.978598
-0.979283
-0.978512
-0.97935
-0.978742
-0.979307
-0.978742
-0.978467
-0.981085
-0.97889
-0.978598
-0.978521
-0.980107
-0.979967
-0.979553
-0.979904
-0.980154
-0.980258
-0.980276
-0.979965
-0.978748
-0.980759
-0.979909
-0.980736
-0.981519
-0.980311
-0.98162
-0.981449
-0.981815
-0.980666
-0.978551
-0.979508
-0.979615
-0.980307
-0.978373
-0.978508
-0.978765
-0.981181
-0.978716
-0.980926
-0.981561
-0.981002
-0.9789
-0.978861
-0.980009
-0.979947
-0.980004
-0.982304
-0.98205
-0.979466
-0.97903
-0.978837
-0.978944
-0.979121
-0.97945
-0.978814
-0.9802
-0.980047
-0.979953
-0.980044
-0.979799
-0.981183
-0.979506
-0.979517
-0.980834
-0.980672
-0.97867
-0.980411
-0.979311
-0.978981
-0.9793
-0.982345
-0.981321
-0.980531
-0.980075
-0.980289
-0.978979
-0.979476
-0.979488
-0.979103
-0.978715
-0.978876
-0.979403
-0.978874
-0.980329
-0.979173
-0.978604
-0.979325
-0.97932
-0.978897
-0.979109
-0.981646
-0.980652
-0.980565
-0.981815
-0.982142
-0.982182
-0.980683
-0.979897
-0.980426
-0.980733
-0.981754
-0.980959
-0.982314
-0.981307
-0.980435
-0.980234
-0.979608
-0.981465
-0.981604
-0.981201
-0.982007
-0.980415
-0.981414
-0.980961
-0.979974
-0.980892
-0.981634
-0.981774
-0.981645
-0.981347
-0.981326
-0.980437
-0.980045
-0.980335
-0.979738
-0.979581
-0.981685
-0.98029
-0.979945
-0.979628
-0.979928
-0.980469
-0.980566
-0.979786
-0.979621
-0.980092
-0.978963
-0.980796
-0.980495
-0.980785
-0.979992
-0.980375
-0.979937
-0.979314
-0.980638
-0.979922
-0.978667
-0.980219
-0.978779
-0.978685
-0.980187
-0.980682
-0.980577
-0.97873
-0.978685
-0.980285
-0.980103
-0.980688
-0.978653
-0.979757
-0.979825
-0.980528
-0.980367
-0.980397
-0.98058
-0.980271
-0.981326
-0.980348
-0.980285
-0.981098
-0.980921
-0.980697
-0.980835
-0.981358
-0.981201
-0.980292
-0.9802
-0.980676
-0.981891
-0.982177
-0.980342
-0.980204
-0.981568
-0.981246
-0.979847
-0.979715
-0.980044
-0.98004
-0.980127
-0.980066
-0.979633
-0.980464
-0.980514
-0.979487
-0.980187
-0.980171
-0.97968
-0.980293
-0.97979
-0.980259
-0.980163
-0.980229
-0.980127
-0.981038
-0.98125
-0.981828
-0.980104
-0.980269
-0.979745
-0.979356
-0.979424
-0.980933
-0.979638
-0.979748
-0.981443
-0.982421
-0.981674
-0.981539
-0.982171
-0.981762
-0.980357
-0.981581
-0.980564
-0.981927
-0.980291
-0.98033
-0.982271
-0.978689
-0.982209
-0.980255
-0.981033
-0.981561
-0.981072
-0.980732
-0.980798
-0.981207
-0.98076
-0.979622
-0.979925
-0.980505
-0.980498
-0.980204
-0.980616
-0.98035
-0.980278
-0.982322
-0.979811
-0.981351
-0.982579
-0.981188
-0.981377
-0.980809
-0.980863
-0.981962
-0.981634
-0.981855
-0.980785
-0.981423
-0.981099
-0.980823
-0.980613
-0.981964
-0.980304
-0.98199
-0.981355
-0.981628
-0.981662
-0.98068
-0.980478
-0.980711
-0.980929
-0.982505
-0.982024
-0.982222
-0.981456
-0.981989
-0.981784
-0.981798
-0.982509
-0.982376
-0.982448
-0.982303
-0.982365
-0.982092
-0.982192
-0.981215
-0.981714
-0.981204
-0.980026
-0.979586
-0.97945
-0.980043
-0.979591
-0.979928
-0.979392
-0.979939
-0.979947
-0.979922
-0.979907
-0.980008
-0.981262
-0.981935
-0.97999
-0.981511
-0.981658
-0.978501
-0.98136
-0.978649
-0.981771
-0.980953
-0.981919
-0.980529
-0.980755
-0.980932
-0.980147
-0.978501
-0.981612
-0.981119
-0.980699
-0.980931
-0.980613
-0.98121
-0.981152
-0.980875
-0.980814
-0.980452
-0.980764
-0.980885
-0.980946
-0.980841
-0.981009
-0.982163
-0.982288
-0.980739
-0.982239
-0.980353
-0.980472
-0.979917
-0.980079
-0.980389
-0.980631
-0.979968
-0.982116
-0.979846
-0.980789
-0.981468
-0.982123
-0.980737
-0.981474
-0.98258
-0.980602
-0.982105
-0.981414
-0.980753
-0.979675
-0.979412
-0.979061
-0.978824
-0.978721
-0.980055
-0.979385
-0.980236
-0.981815
-0.980529
-0.981168
-0.982612
-0.981649
-0.979168
-0.981595
-0.981469
-0.981217
-0.981087
-0.980742
-0.97888
-0.981458
-0.982335
-0.981868
-0.981502
-0.981414
-0.982352
-0.980809
-0.980628
-0.98116
-0.980809
-0.980796
-0.981511
-0.979385
-0.979155
-0.979046
-0.979039
-0.979252
-0.979974
-0.979044
-0.980066
-0.980063
-0.98013
-0.979169
-0.980556
-0.979269
-0.979551
-0.980462
-0.979875
-0.981208
-0.979731
-0.981112
-0.979718
-0.980799
-0.981459
-0.98239
-0.980616
-0.978864
-0.980129
-0.981097
-0.979267
-0.979599
-0.98042
-0.980552
-0.981192
-0.981079
-0.980716
-0.98072
-0.981911
-0.980011
-0.981982
-0.981478
-0.981679
-0.981332
-0.981766
-0.980866
-0.982237
-0.98062
-0.982046
-0.982523
-0.982295
-0.982161
-0.981677
-0.982634
-0.982348
-0.982348
-0.982492
-0.980647
-0.981908
-0.980683
-0.981869
-0.981295
-0.978899
-0.980813
-0.981202
-0.978705
-0.98061
-0.978855
-0.980179
-0.980388
-0.980046
-0.980342
-0.98094
-0.980954
-0.981221
-0.980836
-0.980592
-0.979686
-0.979008
-0.980629
-0.981045
-0.980221
-0.978574
-0.980526
-0.980525
-0.979455
-0.979492
-0.979722
-0.979839
-0.980834
-0.979975
-0.979839
-0.980834
-0.980277
-0.981197
-0.980945
-0.980398
-0.980489
-0.982539
-0.980405
-0.981426
-0.981586
-0.9801
-0.981352
-0.982169
-0.981746
-0.980436
-0.980195
-0.980882
-0.981381
-0.980794
-0.980801
-0.982583
-0.982035
-0.982747
-0.979638
-0.980848
-0.981885
-0.980134
-0.980547
-0.978903
-0.982093
-0.982095
-0.980171
-0.981858
-0.980649
-0.981598
-0.98076
-0.980483
-0.981395
-0.981729
-0.980896
-0.980698
-0.981764
-0.981709
-0.980085
-0.980473
-0.980362
-0.98013
-0.980261
-0.980618
-0.981718
-0.980584
-0.981592
-0.979264
-0.981307
-0.979415
-0.980341
-0.980826
-0.980408
-0.98112
-0.981606
-0.98173
-0.980656
-0.980627
-0.982152
-0.98087
-0.981291
-0.981484
-0.981216
-0.982085
-0.981545
-0.980675
-0.980646
-0.980567
-0.981169
-0.98214
-0.981872
-0.980415
-0.982525
-0.979909
-0.981431
-0.980931
-0.979066
-0.979121
-0.980377
-0.97891
-0.979728
-0.978974
-0.978887
-0.979331
-0.980444
-0.980522
-0.981554
-0.981378
-0.981143
-0.980433
-0.980274
-0.981478
-0.982235
-0.981363
-0.982026
-0.981503
-0.982235
-0.980814
-0.981679
