-0.982535
-0.982509
-0.983439
-0.980837
-0.98083
-0.981505
-0.98272
-0.981525
-0.980917
-0.981389
-0.981338
-0.981793
-0.982034
-0.980829
-0.981194
-0.981521
-0.980655
-0.980837
-0.98085
-0.980605
-0.981127
-0.98176
-0.981273
-0.980807
-0.980963
-0.981472
-0.982529
-0.980924
-0.981389
-0.981336
-0.983018
-0.983593
-0.982339
-0.980787
-0.980867
-0.981972
-0.982001
-0.981374
-0.981954
-0.981726
-0.981613
-0.982332
-0.981438
-0.981549
-0.982023
-0.980844
-0.981331
-0.982049
-0.98168
-0.981876
-0.981963
-0.9805
-0.981962
-0.981579
-0.982153
-0.982886
-0.980375
-0.980165
-0.980699
-0.982672
-0.982381
-0.983344
-0.980887
-0.981374
-0.980759
-0.980754
-0.981029
-0.980783
-0.981603
-0.983228
-0.983632
-0.983167
-0.982691
-0.98286
-0.98089
-0.982152
-0.982912
-0.981269
-0.983526
-0.983643
-0.982982
-0.982262
-0.981082
-0.981454
-0.981619
-0.980658
-0.982516
-0.982214
-0.981236
-0.980838
-0.980829
-0.98054
-0.980754
-0.981491
-0.980753
-0.980654
-0.980735
-0.980645
-0.980825
-0.980518
-0.980654
-0.980244
-0.981522
-0.980723
-0.980655
-0.980754
-0.980645
-0.980754
-0.983117
-0.981613
-0.980273
-0.981338
-0.981657
-0.980623
-0.981614
-0.981273
-0.981157
-0.981297
-0.981638
-0.981158
-0.980755
-0.982393
-0.981612
-0.982134
-0.981646
-0.98267
-0.982381
-0.981748
-0.981226
-0.981465
-0.981625
-0.981028
-0.98196
-0.982274
-0.981832
-0.981814
-0.982025
-0.980293
-0.982659
-0.983564
-0.983515
-0.983475
-0.982673
-0.981538
-0.981831
-0.980485
-0.980551
-0.980599
-0.980303
-0.981801
-0.980617
-0.983666
-0.984678
-0.982355
-0.982322
-0.98169
-0.983648
-0.982343
-0.982706
-0.98312
-0.983344
-0.981862
-0.980957
-0.982074
-0.981949
-0.982469
-0.981937
-0.982824
-0.983436
-0.98233
-0.982602
-0.982093
-0.980833
-0.98068
-0.981928
-0.98108
-0.983109
-0.982502
-0.982402
-0.983324
-0.981445
-0.982236
-0.980729
-0.983711
-0.982966
-0.981823
-0.983201
-0.982344
-0.984156
-0.983093
-0.982825
-0.983663
-0.981983
-0.98365
-0.982371
-0.983307
-0.982289
-0.982471
-0.983221
-0.983243
-0.981791
-0.981593
-0.982987
-0.982533
-0.983507
-0.983342
-0.98273
-0.983566
-0.981517
-0.981458
-0.98164
-0.983319
-0.981908
-0.98186
-0.981609
-0.980346
-0.981627
-0.980786
-0.980853
-0.980716
-0.981161
-0.981523
-0.981929
-0.981976
-0.983251
-0.98171
-0.983463
-0.982286
-0.981636
-0.982988
-0.983588
-0.981611
-0.982058
-0.981997
-0.982147
-0.982278
-0.98222
-0.982195
-0.982236
-0.980361
-0.980703
-0.980415
-0.982154
-0.980866
-0.981961
-0.981725
-0.982029
-0.982138
-0.980703
-0.980679
-0.980669
-0.98176
-0.981671
-0.981667
-0.981738
-0.981681
-0.980449
-0.980512
-0.981433
-0.980789
-0.982691
-0.983065
-0.982167
-0.981733
-0.980291
-0.980151
-0.980145
-0.981241
-0.981454
-0.980878
-0.98156
-0.980218
-0.980596
-0.981577
-0.981401
-0.981338
-0.981087
-0.981628
-0.981218
-0.980168
-0.982624
-0.982013
-0.980158
-0.981053
-0.980583
-0.983026
-0.982167
-0.982671
-0.982695
-0.981908
-0.983973
-0.983555
-0.981037
-0.98416
-0.982316
-0.983322
-0.982811
-0.983677
-0.983656
-0.983051
-0.982304
-0.980862
-0.983367
-0.982516
-0.982227
-0.983687
-0.983614
-0.983889
-0.983236
-0.983222
-0.98018
-0.982358
-0.982046
-0.980456
-0.980553
-0.981133
-0.98133
-0.981193
-0.980156
-0.980568
-0.980568
-0.98178
-0.98125
-0.98164
-0.98134
-0.983498
-0.982057
-0.983088
-0.982383
-0.983042
-0.98199
-0.982234
-0.981682
-0.983717
-0.982942
-0.981684
-0.98113
-0.9807
-0.981143
-0.980908
-0.981311
-0.981111
-0.980539
-0.982257
-0.981414
-0.981758
-0.981739
-0.981883
-0.980337
-0.982225
-0.98142
-0.981634
-0.981712
-0.982004
-0.981545
-0.981976
-0.981713
-0.981842
-0.981406
-0.981866
-0.983224
-0.980345
-0.983761
-0.982235
-0.983434
-0.982199
-0.982983
-0.982849
-0.981927
-0.980164
-0.980525
-0.981748
-0.982148
-0.983122
-0.980741
-0.983629
-0.981639
-0.983568
-0.98281
-0.981986
-0.982401
-0.982545
-0.981739
-0.981947
-0.981516
-0.98189
-0.982113
-0.981735
-0.982188
-0.981558
-0.982899
-0.982328
-0.983511
-0.981834
-0.981408
-0.98217
-0.982324
-0.983203
-0.98266
-0.981936
-0.982581
-0.982881
-0.981119
-0.982602
-0.982475
-0.98332
-0.981718
-0.981134
-0.980857
-0.980789
-0.981888
-0.981762
-0.981918
-0.980314
-0.980672
-0.980314
-0.980624
-0.980303
-0.980303
-0.980463
-0.980303
-0.98095
-0.980266
-0.981107
-0.980508
-0.981058
-0.980508
-0.980227
-0.982558
-0.980672
-0.980303
-0.980342
-0.981763
-0.981794
-0.98133
-0.98175
-0.981777
-0.981901
-0.982094
-0.981659
-0.980336
-0.982486
-0.981745
-0.982353
-0.983035
-0.981976
-0.983397
-0.983075
-0.983409
-0.982415
-0.980212
-0.981365
-0.981438
-0.982035
-0.980177
-0.980236
-0.980619
-0.982804
-0.98053
-0.982603
-0.983162
-0.98266
-0.980623
-0.980723
-0.981631
-0.98176
-0.981644
-0.983742
-0.98364
-0.981246
-0.980821
-0.980648
-0.980779
-0.980892
-0.981144
-0.980574
-0.981896
-0.981665
-0.981766
-0.981837
-0.981445
-0.982746
-0.981242
-0.981185
-0.982338
-0.982271
-0.980372
-0.982023
-0.980999
-0.980892
-0.981149
-0.983898
-0.982825
-0.982237
-0.981655
-0.981979
-0.980712
-0.981247
-0.981179
-0.980783
-0.980429
-0.980602
-0.981106
-0.980604
-0.981965
-0.980914
-0.980358
-0.981064
-0.98114
-0.980639
-0.98086
-0.98337
-0.982257
-0.982243
-0.983488
-0.983641
-0.983743
-0.982233
-0.981639
-0.982124
-0.982258
-0.983303
-0.982558
-0.983867
-0.982918
-0.982118
-0.981884
-0.981317
-0.983042
-0.983143
-0.982795
-0.983491
-0.982006
-0.982964
-0.982547
-0.981637
-0.982501
-0.983228
-0.983289
-0.983349
-0.982885
-0.982904
-0.982076
-0.981862
-0.9821
-0.981418
-0.981334
-0.983149
-0.981841
-0.981654
-0.981374
-0.981592
-0.982112
-0.982274
-0.981439
-0.981323
-0.981702
-0.980724
-0.98238
-0.982101
-0.982434
-0.981801
-0.981954
-0.981563
-0.98111
-0.98215
-0.981587
-0.980455
-0.981893
-0.980497
-0.980407
-0.981836
-0.98237
-0.982264
-0.980484
-0.980407
-0.98191
-0.98172
-0.982223
-0.980432
-0.981474
-0.98162
-0.982157
-0.982051
-0.981972
-0.982217
-0.981958
-0.982842
-0.982055
-0.981911
-0.982856
-0.982559
-0.982293
-0.982372
-0.982867
-0.982798
-0.981983
-0.981875
-0.982341
-0.983558
-0.983757
-0.981907
-0.981846
-0.983058
-0.982924
-0.981596
-0.981524
-0.981669
-0.98177
-0.981898
-0.981788
-0.981354
-0.982237
-0.982128
-0.981411
-0.981873
-0.981863
-0.981431
-0.982034
-0.981517
-0.981903
-0.981815
-0.982039
-0.981903
-0.982483
-0.982899
-0.983429
-0.981853
-0.981925
-0.981613
-0.980961
-0.981185
-0.982605
-0.981318
-0.981497
-0.983056
-0.98389
-0.983233
-0.983069
-0.983651
-0.983389
-0.982019
-0.983042
-0.982159
-0.9835
-0.982083
-0.982019
-0.983954
-0.98048
-0.983626
-0.982132
-0.982673
-0.983272
-0.982744
-0.982388
-0.982412
-0.982945
-0.982338
-0.98134
-0.981648
-0.982129
-0.982084
-0.981821
-0.982306
-0.981915
-0.981991
-0.983896
-0.981604
-0.983029
-0.984054
-0.982775
-0.983011
-0.982307
-0.982532
-0.98352
-0.983286
-0.983466
-0.982425
-0.983218
-0.982809
-0.982522
-0.982225
-0.983656
-0.982117
-0.983435
-0.982912
-0.983202
-0.983222
-0.982414
-0.982088
-0.982332
-0.982602
-0.984101
-0.98371
-0.98375
-0.983022
-0.983604
-0.983342
-0.983333
-0.983923
-0.984025
-0.984038
-0.983885
-0.984031
-0.98376
-0.983763
-0.982853
-0.983399
-0.983001
-0.981659
-0.98126
-0.981228
-0.981639
-0.981382
-0.981598
-0.98114
-0.981755
-0.98172
-0.981642
-0.981597
-0.981766
-0.982883
-0.983541
-0.981739
-0.983109
-0.983244
-0.980244
-0.982904
-0.980262
-0.983197
-0.982606
-0.983367
-0.982266
-0.982481
-0.982594
-0.981919
-0.980244
-0.983288
-0.982772
-0.982464
-0.982602
-0.982228
-0.98274
-0.982788
-0.982538
-0.982543
-0.982248
-0.982519
-0.982612
-0.982674
-0.982622
-0.982624
-0.983842
-0.984004
-0.982225
-0.983759
-0.981873
-0.98216
-0.981686
-0.981741
-0.982104
-0.982313
-0.98167
-0.983795
-0.981597
-0.982477
-0.983085
-0.983728
-0.982302
-0.983168
-0.98412
-0.982207
-0.983705
-0.983031
-0.98242
-0.981384
-0.981132
-0.980716
-0.980593
-0.980488
-0.981694
-0.981142
-0.981883
-0.983489
-0.982246
-0.982905
-0.984114
-0.983366
-0.980836
-0.983235
-0.983113
-0.98286
-0.982787
-0.982521
-0.980592
-0.983072
-0.983833
-0.983555
-0.983071
-0.983027
-0.98381
-0.982479
-0.982364
-0.982875
-0.982454
-0.982406
-0.983154
-0.981074
-0.980886
-0.980806
-0.980825
-0.98101
-0.981634
-0.980789
-0.981645
-0.981846
-0.981851
-0.980938
-0.982221
-0.980971
-0.98126
-0.982107
-0.981454
-0.982828
-0.981476
-0.982764
-0.981368
-0.982442
-0.983097
-0.983861
-0.982409
-0.980722
-0.981945
-0.982832
-0.981058
-0.981302
-0.982208
-0.982303
-0.982768
-0.982931
-0.98246
-0.982494
-0.983515
-0.981697
-0.983365
-0.983092
-0.983286
-0.982958
-0.983289
-0.982599
-0.983674
-0.982389
-0.983647
-0.983936
-0.983922
-0.983569
-0.983371
-0.984048
-0.983756
-0.983756
-0.983883
-0.982322
-0.983491
-0.982317
-0.983386
-0.982946
-0.980653
-0.982347
-0.982738
-0.980515
-0.982262
-0.980702
-0.981819
-0.982051
-0.981706
-0.981962
-0.982544
-0.982548
-0.982891
-0.982471
-0.982252
-0.981419
-0.980788
-0.982231
-0.982599
-0.981919
-0.980307
-0.98221
-0.982211
-0.981137
-0.981217
-0.981486
-0.981566
-0.982513
-0.981629
-0.981566
-0.982513
-0.982044
-0.982927
-0.982621
-0.98216
-0.982165
-0.984061
-0.982162
-0.983088
-0.983191
-0.98177
-0.982953
-0.983895
-0.983292
-0.98219
-0.981918
-0.982505
-0.983224
-0.982431
-0.982605
-0.984124
-0.983761
-0.984263
-0.981336
-0.98264
-0.983556
-0.981834
-0.982225
-0.980644
-0.98375
-0.983776
-0.981835
-0.983566
-0.982319
-0.983249
-0.982503
-0.982162
-0.983073
-0.983365
-0.982737
-0.982364
-0.983438
-0.983336
-0.981756
-0.982168
-0.982217
-0.981787
-0.981955
-0.982265
-0.983433
-0.98225
-0.983215
-0.981037
-0.98291
-0.981121
-0.98204
-0.98243
-0.982019
-0.982793
-0.983392
-0.983333
-0.982298
-0.982175
-0.983773
-0.982364
-0.98279
-0.983003
-0.982771
-0.98364
-0.983172
-0.982195
-0.982356
-0.982192
-0.982717
-0.9839
-0.983413
-0.981968
-0.984019
-0.981475
-0.983012
-0.982631
-0.980832
-0.980911
-0.98196
-0.980705
-0.981304
-0.980682
-0.980694
-0.981138
-0.982116
-0.982136
-0.983211
-0.982913
-0.982736
-0.982139
-0.98193
-0.983008
-0.983874
-0.98302
-0.983464
-0.983124
-0.98387
-0.982403
-0.983363
