-0.972882
-0.972445
-0.973566
-0.970497
-0.970223
-0.971321
-0.97275
-0.971481
-0.970458
-0.971221
-0.971002
-0.971797
-0.971717
-0.970253
-0.970953
-0.971374
-0.970259
-0.970237
-0.970214
-0.970285
-0.970468
-0.971315
-0.971153
-0.970292
-0.970637
-0.971316
-0.972271
-0.970498
-0.971146
-0.971112
-0.973012
-0.973993
-0.972385
-0.970422
-0.97059
-0.971956
-0.971918
-0.971103
-0.971975
-0.971648
-0.971416
-0.972435
-0.971294
-0.971467
-0.972036
-0.970653
-0.971137
-0.972118
-0.971656
-0.971877
-0.971847
-0.970052
-0.971958
-0.971198
-0.972259
-0.972956
-0.970171
-0.96993
-0.970373
-0.972961
-0.972271
-0.973923
-0.970551
-0.971272
-0.970407
-0.970396
-0.970943
-0.970432
-0.97149
-0.973297
-0.974137
-0.973547
-0.973059
-0.973085
-0.97036
-0.972194
-0.973102
-0.971059
-0.97368
-0.974314
-0.973156
-0.972533
-0.97104
-0.971608
-0.971343
-0.970368
-0.972714
-0.972316
-0.971003
-0.970568
-0.970763
-0.970495
-0.970609
-0.971522
-0.970649
-0.970535
-0.970674
-0.970588
-0.970682
-0.970247
-0.970535
-0.970098
-0.971493
-0.970554
-0.970307
-0.970623
-0.970324
-0.970551
-0.973593
-0.971639
-0.969703
-0.971268
-0.971627
-0.970074
-0.971559
-0.971019
-0.970971
-0.971186
-0.971507
-0.971146
-0.970496
-0.972599
-0.971442
-0.97231
-0.971702
-0.972831
-0.97275
-0.971407
-0.970888
-0.971205
-0.971477
-0.970931
-0.972019
-0.972222
-0.97189
-0.971849
-0.971778
-0.970152
-0.972803
-0.974079
-0.973929
-0.974079
-0.97302
-0.9714
-0.971926
-0.970169
-0.970093
-0.970153
-0.969839
-0.971916
-0.970464
-0.974177
-0.975318
-0.972478
-0.972558
-0.971781
-0.974094
-0.972604
-0.973002
-0.973226
-0.974039
-0.971956
-0.970605
-0.972452
-0.972168
-0.972442
-0.97217
-0.97345
-0.973881
-0.972555
-0.97301
-0.972082
-0.970645
-0.970428
-0.971933
-0.970763
-0.973529
-0.972704
-0.972468
-0.973716
-0.971525
-0.972293
-0.970384
-0.974046
-0.973367
-0.971646
-0.973452
-0.972167
-0.97467
-0.973182
-0.973075
-0.974403
-0.972022
-0.973811
-0.972506
-0.973639
-0.972382
-0.972606
-0.973551
-0.973608
-0.971854
-0.971529
-0.97303
-0.972696
-0.973929
-0.973642
-0.972966
-0.974063
-0.971531
-0.971405
-0.971565
-0.973512
-0.971788
-0.971994
-0.971898
-0.97031
-0.97194
-0.970837
-0.97073
-0.970709
-0.971174
-0.971648
-0.972078
-0.972117
-0.973759
-0.971856
-0.973728
-0.9724
-0.971873
-0.973327
-0.973941
-0.971551
-0.972237
-0.972151
-0.9723
-0.972442
-0.972361
-0.972408
-0.972455
-0.969925
-0.970496
-0.970084
-0.972261
-0.970738
-0.972247
-0.971805
-0.972072
-0.972108
-0.970596
-0.970419
-0.970334
-0.971767
-0.971644
-0.971618
-0.971814
-0.971733
-0.970343
-0.970211
-0.971541
-0.970655
-0.972896
-0.973369
-0.972273
-0.971756
-0.969929
-0.969761
-0.969805
-0.97112
-0.971263
-0.970825
-0.971613
-0.969709
-0.970356
-0.971442
-0.971281
-0.971146
-0.970969
-0.971609
-0.971043
-0.969761
-0.9729
-0.972008
-0.969767
-0.970892
-0.970211
-0.973361
-0.972273
-0.972711
-0.972916
-0.971875
-0.974331
-0.973681
-0.97066
-0.974859
-0.972386
-0.973973
-0.972965
-0.974389
-0.974078
-0.973401
-0.972502
-0.970731
-0.973728
-0.972689
-0.97225
-0.973981
-0.974043
-0.974371
-0.973636
-0.973615
-0.969991
-0.972313
-0.972134
-0.970083
-0.970187
-0.970955
-0.971268
-0.971205
-0.969681
-0.970228
-0.970391
-0.971929
-0.971068
-0.97176
-0.971329
-0.973744
-0.972098
-0.97333
-0.972566
-0.973301
-0.971768
-0.972048
-0.971603
-0.973994
-0.973064
-0.971562
-0.970859
-0.970333
-0.970964
-0.970643
-0.970993
-0.970895
-0.970142
-0.97198
-0.971242
-0.971676
-0.971585
-0.97186
-0.970027
-0.972095
-0.971329
-0.971474
-0.971649
-0.971833
-0.971422
-0.971816
-0.971479
-0.971781
-0.971126
-0.971917
-0.973466
-0.969907
-0.974136
-0.972397
-0.973443
-0.972163
-0.973352
-0.972847
-0.97211
-0.969798
-0.97029
-0.971728
-0.972248
-0.97325
-0.970351
-0.974108
-0.971586
-0.974113
-0.97328
-0.972062
-0.972942
-0.973042
-0.971952
-0.971968
-0.971359
-0.971963
-0.972328
-0.971927
-0.972387
-0.971663
-0.973165
-0.972515
-0.973581
-0.971915
-0.971348
-0.972274
-0.972903
-0.973985
-0.973011
-0.971905
-0.972963
-0.973125
-0.971058
-0.973105
-0.972842
-0.97365
-0.971799
-0.971044
-0.97068
-0.97046
-0.972003
-0.971742
-0.972002
-0.969731
-0.970077
-0.969848
-0.970267
-0.969684
-0.969684
-0.969911
-0.969684
-0.970786
-0.969689
-0.970757
-0.969995
-0.970754
-0.969995
-0.969719
-0.973138
-0.970077
-0.969684
-0.969871
-0.97185
-0.971607
-0.97113
-0.971579
-0.971797
-0.971955
-0.971917
-0.9717
-0.970254
-0.972513
-0.971622
-0.972578
-0.973681
-0.97204
-0.973745
-0.973519
-0.973648
-0.972607
-0.969742
-0.97127
-0.971363
-0.971987
-0.969682
-0.969937
-0.970266
-0.973191
-0.970175
-0.972668
-0.973479
-0.972769
-0.970316
-0.970322
-0.971559
-0.971609
-0.971624
-0.9743
-0.974236
-0.971004
-0.970495
-0.970221
-0.970453
-0.970556
-0.971082
-0.970254
-0.971955
-0.971614
-0.97178
-0.971863
-0.971485
-0.973129
-0.971142
-0.971069
-0.972464
-0.972512
-0.970297
-0.97226
-0.970895
-0.970721
-0.971089
-0.974249
-0.973165
-0.972379
-0.971841
-0.972028
-0.970714
-0.971251
-0.971188
-0.970572
-0.970063
-0.970493
-0.971211
-0.970362
-0.972118
-0.970661
-0.969826
-0.970861
-0.97085
-0.970379
-0.970619
-0.973575
-0.972247
-0.972228
-0.973795
-0.97412
-0.974151
-0.972459
-0.971776
-0.972216
-0.972557
-0.973576
-0.972999
-0.974412
-0.973083
-0.972313
-0.971853
-0.971025
-0.973408
-0.973593
-0.973059
-0.97383
-0.971971
-0.973201
-0.972862
-0.971608
-0.97276
-0.973944
-0.973767
-0.973282
-0.973089
-0.973113
-0.972
-0.971748
-0.972019
-0.971265
-0.971017
-0.973593
-0.971841
-0.971359
-0.971044
-0.971565
-0.972
-0.972108
-0.971297
-0.971112
-0.971918
-0.970301
-0.972554
-0.972254
-0.972583
-0.971856
-0.972055
-0.971748
-0.971025
-0.97242
-0.971656
-0.970124
-0.971912
-0.970092
-0.97017
-0.971882
-0.972507
-0.972415
-0.970058
-0.970189
-0.97204
-0.971766
-0.972572
-0.970233
-0.971318
-0.971504
-0.972336
-0.972277
-0.972368
-0.972571
-0.971812
-0.973331
-0.972102
-0.97183
-0.972928
-0.972578
-0.972538
-0.972674
-0.973358
-0.97331
-0.972086
-0.971819
-0.972689
-0.973988
-0.974261
-0.972068
-0.971907
-0.973355
-0.973114
-0.971423
-0.971275
-0.971611
-0.971628
-0.971685
-0.971699
-0.971109
-0.972095
-0.971961
-0.97107
-0.971709
-0.971792
-0.971187
-0.971962
-0.971417
-0.971883
-0.971924
-0.971856
-0.971785
-0.972556
-0.973063
-0.973478
-0.971671
-0.971847
-0.971436
-0.970605
-0.970915
-0.972488
-0.971127
-0.97128
-0.973201
-0.974339
-0.973555
-0.973332
-0.974013
-0.97364
-0.972102
-0.973303
-0.972308
-0.973957
-0.972102
-0.972239
-0.974451
-0.970281
-0.974319
-0.972026
-0.972786
-0.97345
-0.972858
-0.972671
-0.972504
-0.97318
-0.972625
-0.971437
-0.97164
-0.972318
-0.972289
-0.971782
-0.972322
-0.972251
-0.972062
-0.974588
-0.971649
-0.973301
-0.974781
-0.973092
-0.973356
-0.97236
-0.972784
-0.974068
-0.973582
-0.973976
-0.972608
-0.973338
-0.973161
-0.972557
-0.972419
-0.973955
-0.972095
-0.973902
-0.973211
-0.973733
-0.973641
-0.972425
-0.97214
-0.972284
-0.972805
-0.974519
-0.974117
-0.974145
-0.973399
-0.973905
-0.973908
-0.973891
-0.974513
-0.974362
-0.974599
-0.974457
-0.974734
-0.974176
-0.974251
-0.973145
-0.973872
-0.97317
-0.971823
-0.971336
-0.971178
-0.971598
-0.971192
-0.971695
-0.970995
-0.97164
-0.971732
-0.971477
-0.97159
-0.971611
-0.973183
-0.973859
-0.97174
-0.973447
-0.973487
-0.969675
-0.973324
-0.969949
-0.973896
-0.972865
-0.973966
-0.972472
-0.972744
-0.972842
-0.97193
-0.969675
-0.97359
-0.972928
-0.97265
-0.972684
-0.972329
-0.972894
-0.973078
-0.972659
-0.972827
-0.972353
-0.972757
-0.972707
-0.972939
-0.972809
-0.972838
-0.974188
-0.974451
-0.972249
-0.973951
-0.971979
-0.972265
-0.971586
-0.971785
-0.972008
-0.972355
-0.971621
-0.97425
-0.97148
-0.972592
-0.973311
-0.974127
-0.972322
-0.97356
-0.974769
-0.972366
-0.974282
-0.973402
-0.972565
-0.971396
-0.971152
-0.970733
-0.970443
-0.970259
-0.971827
-0.971305
-0.972209
-0.973855
-0.972377
-0.97308
-0.974704
-0.97377
-0.970726
-0.973727
-0.97335
-0.973108
-0.972941
-0.972763
-0.970529
-0.973349
-0.974338
-0.974079
-0.973305
-0.973368
-0.974336
-0.972599
-0.972604
-0.973074
-0.972675
-0.972553
-0.973344
-0.970682
-0.970368
-0.970278
-0.97056
-0.970573
-0.971528
-0.970457
-0.971393
-0.971675
-0.971728
-0.970521
-0.972158
-0.970609
-0.970871
-0.972062
-0.971241
-0.972889
-0.971052
-0.972991
-0.971041
-0.972412
-0.973295
-0.974298
-0.972506
-0.970183
-0.971981
-0.972902
-0.970833
-0.971125
-0.97213
-0.972333
-0.973109
-0.972924
-0.972572
-0.972513
-0.97369
-0.971659
-0.97395
-0.973513
-0.973667
-0.97298
-0.97354
-0.972659
-0.973993
-0.97251
-0.973806
-0.974696
-0.974238
-0.97387
-0.973669
-0.97463
-0.974498
-0.974498
-0.974555
-0.972488
-0.974115
-0.9725
-0.973743
-0.97313
-0.970239
-0.972483
-0.972946
-0.970187
-0.972331
-0.970431
-0.971955
-0.97222
-0.9716
-0.972124
-0.972876
-0.972806
-0.973201
-0.9726
-0.972215
-0.971267
-0.970491
-0.972391
-0.972966
-0.972141
-0.96989
-0.972498
-0.972321
-0.970786
-0.971021
-0.971448
-0.971533
-0.972632
-0.971792
-0.971533
-0.972632
-0.972163
-0.973162
-0.972686
-0.972298
-0.972459
-0.974535
-0.972145
-0.973383
-0.973498
-0.971722
-0.973265
-0.974414
-0.97375
-0.972171
-0.971964
-0.972911
-0.973448
-0.972442
-0.972505
-0.974694
-0.973976
-0.974834
-0.971189
-0.97276
-0.97388
-0.971702
-0.972283
-0.97022
-0.974038
-0.973951
-0.971767
-0.973832
-0.972449
-0.973402
-0.972308
-0.972094
-0.973178
-0.973604
-0.972624
-0.972345
-0.973653
-0.973641
-0.971631
-0.972105
-0.97207
-0.971864
-0.971912
-0.972171
-0.973578
-0.972182
-0.973391
-0.97087
-0.973222
-0.971025
-0.972117
-0.972611
-0.972153
-0.972839
-0.973793
-0.973709
-0.972502
-0.972474
-0.974334
-0.972643
-0.973295
-0.973334
-0.973372
-0.974054
-0.973575
-0.972432
-0.972622
-0.972296
-0.973076
-0.974216
-0.97402
-0.972427
-0.974526
-0.971759
-0.973349
-0.972873
-0.970496
-0.970693
-0.972055
-0.97055
-0.971215
-0.970599
-0.970248
-0.970879
-0.972177
-0.972449
-0.973437
-0.973384
-0.97284
-0.972302
-0.972108
-0.973434
-0.974403
-0.973119
-0.973947
-0.973215
-0.974025
-0.972601
-0.973338
