-0.936302
-0.936
-0.937406
-0.931405
-0.931446
-0.933364
-0.936085
-0.933893
-0.931431
-0.933385
-0.93309
-0.934071
-0.934369
-0.931461
-0.932637
-0.933888
-0.931633
-0.931405
-0.931449
-0.931552
-0.931458
-0.933372
-0.932931
-0.93143
-0.932033
-0.933278
-0.935552
-0.931939
-0.933388
-0.933176
-0.936641
-0.938147
-0.934983
-0.932207
-0.932307
-0.934788
-0.934294
-0.933155
-0.934417
-0.93364
-0.933682
-0.935224
-0.933247
-0.933904
-0.934757
-0.932364
-0.932839
-0.934811
-0.933447
-0.934484
-0.934382
-0.931471
-0.934514
-0.933326
-0.934941
-0.936226
-0.931311
-0.93117
-0.932208
-0.93592
-0.935189
-0.937747
-0.931749
-0.932946
-0.932234
-0.932111
-0.932431
-0.932084
-0.933787
-0.937583
-0.938037
-0.936677
-0.936049
-0.936672
-0.931346
-0.935116
-0.936341
-0.932909
-0.937763
-0.93814
-0.937075
-0.935689
-0.932699
-0.933916
-0.933674
-0.931386
-0.936125
-0.935539
-0.932875
-0.932063
-0.932289
-0.931741
-0.93228
-0.933792
-0.932165
-0.932076
-0.932298
-0.932296
-0.932258
-0.931132
-0.932057
-0.931454
-0.933684
-0.932071
-0.931618
-0.93228
-0.932118
-0.932191
-0.936206
-0.933695
-0.930546
-0.93295
-0.933903
-0.9309
-0.933446
-0.932415
-0.932342
-0.932898
-0.933397
-0.932859
-0.931919
-0.935102
-0.933715
-0.934812
-0.933412
-0.935621
-0.93535
-0.933372
-0.932456
-0.933158
-0.933303
-0.932412
-0.934162
-0.934788
-0.934264
-0.934086
-0.934011
-0.931095
-0.936462
-0.938632
-0.937473
-0.938514
-0.937173
-0.934044
-0.934444
-0.931577
-0.93154
-0.931812
-0.930917
-0.93446
-0.932213
-0.938681
-0.941027
-0.935491
-0.936079
-0.934406
-0.938655
-0.93594
-0.936605
-0.937025
-0.938528
-0.934835
-0.931806
-0.93527
-0.934606
-0.935211
-0.934833
-0.937005
-0.937789
-0.935744
-0.936346
-0.934459
-0.932397
-0.931977
-0.934597
-0.932688
-0.937476
-0.935874
-0.935646
-0.937726
-0.933892
-0.935233
-0.931808
-0.938659
-0.937655
-0.93434
-0.937315
-0.935452
-0.939028
-0.936853
-0.937015
-0.938513
-0.934956
-0.938233
-0.935563
-0.937565
-0.935657
-0.935793
-0.937438
-0.937577
-0.934911
-0.934043
-0.936824
-0.935685
-0.937642
-0.937589
-0.936119
-0.937802
-0.933892
-0.933415
-0.933982
-0.937477
-0.934262
-0.934423
-0.934485
-0.931818
-0.934186
-0.932155
-0.931952
-0.931632
-0.932998
-0.933903
-0.935195
-0.934459
-0.93752
-0.934419
-0.937382
-0.934931
-0.934357
-0.936685
-0.938343
-0.934347
-0.935564
-0.935076
-0.935708
-0.935804
-0.935681
-0.935688
-0.935598
-0.931367
-0.932028
-0.930976
-0.935579
-0.932267
-0.935616
-0.934413
-0.935094
-0.935151
-0.932325
-0.931524
-0.931323
-0.934355
-0.934349
-0.934338
-0.934442
-0.934358
-0.931646
-0.931179
-0.934115
-0.931974
-0.935959
-0.936285
-0.934878
-0.934235
-0.930525
-0.930958
-0.931011
-0.932816
-0.933575
-0.932587
-0.934146
-0.930958
-0.93144
-0.934056
-0.93326
-0.933562
-0.932906
-0.934376
-0.932901
-0.930958
-0.936713
-0.934803
-0.930945
-0.932903
-0.931257
-0.937072
-0.934878
-0.936213
-0.93618
-0.934421
-0.938891
-0.937834
-0.932162
-0.939561
-0.935203
-0.938255
-0.936601
-0.939147
-0.938753
-0.937362
-0.935525
-0.932263
-0.937778
-0.935939
-0.934803
-0.938446
-0.938618
-0.938439
-0.937678
-0.93758
-0.931184
-0.935435
-0.934842
-0.931273
-0.931266
-0.932967
-0.933493
-0.933029
-0.930706
-0.931448
-0.931821
-0.934381
-0.932824
-0.934221
-0.933615
-0.938024
-0.935094
-0.937172
-0.935644
-0.936866
-0.934316
-0.935121
-0.933742
-0.938255
-0.936117
-0.933883
-0.932003
-0.931069
-0.932804
-0.931776
-0.932522
-0.932434
-0.931747
-0.934746
-0.933316
-0.933676
-0.93334
-0.934621
-0.931238
-0.934695
-0.933722
-0.933831
-0.934067
-0.934475
-0.933326
-0.934281
-0.934103
-0.934326
-0.932835
-0.934711
-0.93731
-0.931406
-0.938377
-0.935956
-0.937107
-0.935156
-0.93694
-0.936271
-0.935039
-0.930973
-0.931896
-0.934277
-0.935297
-0.937381
-0.931932
-0.938271
-0.934641
-0.938185
-0.936932
-0.933874
-0.935722
-0.936396
-0.934046
-0.934166
-0.933927
-0.934504
-0.93482
-0.934239
-0.934935
-0.933659
-0.937362
-0.935595
-0.937472
-0.934236
-0.933322
-0.934884
-0.935672
-0.938294
-0.93632
-0.934207
-0.935978
-0.935867
-0.933475
-0.937086
-0.935994
-0.937774
-0.933975
-0.933018
-0.932215
-0.93175
-0.934748
-0.933906
-0.934642
-0.931035
-0.931253
-0.931023
-0.931863
-0.930795
-0.930795
-0.931122
-0.930795
-0.932698
-0.930714
-0.93235
-0.930785
-0.932408
-0.930785
-0.930983
-0.936662
-0.931253
-0.930795
-0.930785
-0.934439
-0.934258
-0.93308
-0.934022
-0.934173
-0.934741
-0.934712
-0.934462
-0.931513
-0.935788
-0.934148
-0.93548
-0.937717
-0.934587
-0.937775
-0.937312
-0.937388
-0.936165
-0.930939
-0.933481
-0.9335
-0.934558
-0.93069
-0.931145
-0.931457
-0.936799
-0.931361
-0.935937
-0.937188
-0.936115
-0.931463
-0.931273
-0.933658
-0.933646
-0.933734
-0.938453
-0.938072
-0.933209
-0.931907
-0.931682
-0.932036
-0.931934
-0.933091
-0.931776
-0.935122
-0.933973
-0.93432
-0.934382
-0.93375
-0.93642
-0.933067
-0.932579
-0.935987
-0.935738
-0.931433
-0.934712
-0.932247
-0.931768
-0.932795
-0.938863
-0.936499
-0.935077
-0.934273
-0.934685
-0.932114
-0.933157
-0.932983
-0.932222
-0.931577
-0.932223
-0.933229
-0.931964
-0.934958
-0.932088
-0.931063
-0.932907
-0.93264
-0.93166
-0.931863
-0.937342
-0.935336
-0.934838
-0.937864
-0.938222
-0.938479
-0.935459
-0.934238
-0.934798
-0.935414
-0.937219
-0.93607
-0.939022
-0.936587
-0.93481
-0.934494
-0.932904
-0.937066
-0.937665
-0.93633
-0.938807
-0.934985
-0.937025
-0.935624
-0.933988
-0.93595
-0.937285
-0.937645
-0.93709
-0.936291
-0.936641
-0.934462
-0.934413
-0.935151
-0.93309
-0.9328
-0.93771
-0.934644
-0.933653
-0.933051
-0.933896
-0.93482
-0.93491
-0.933285
-0.933442
-0.934492
-0.932137
-0.935494
-0.935336
-0.936045
-0.934272
-0.935325
-0.934466
-0.93312
-0.935938
-0.934128
-0.931267
-0.934848
-0.931497
-0.931425
-0.934827
-0.93573
-0.935736
-0.931819
-0.931425
-0.934831
-0.934534
-0.935575
-0.931527
-0.933841
-0.934256
-0.935641
-0.935353
-0.935404
-0.93586
-0.934308
-0.937351
-0.934715
-0.934408
-0.935653
-0.93501
-0.934982
-0.935582
-0.936688
-0.936916
-0.934765
-0.93422
-0.9354
-0.938301
-0.938707
-0.934528
-0.934542
-0.937322
-0.936893
-0.933846
-0.933792
-0.934273
-0.93432
-0.934759
-0.934636
-0.933304
-0.934906
-0.935131
-0.933143
-0.934773
-0.934621
-0.933499
-0.934668
-0.933893
-0.934676
-0.934458
-0.934777
-0.934117
-0.935248
-0.937543
-0.93682
-0.934505
-0.93462
-0.933523
-0.932365
-0.93287
-0.935799
-0.933333
-0.933486
-0.936576
-0.939213
-0.937518
-0.937161
-0.938135
-0.938078
-0.934591
-0.937146
-0.935253
-0.93806
-0.935217
-0.935158
-0.938417
-0.931707
-0.938746
-0.935059
-0.936048
-0.9375
-0.936561
-0.935773
-0.935461
-0.937045
-0.935717
-0.933613
-0.93459
-0.935309
-0.935478
-0.934138
-0.935579
-0.935399
-0.934735
-0.939127
-0.934386
-0.937714
-0.939826
-0.937398
-0.937235
-0.935391
-0.936542
-0.938407
-0.937534
-0.938147
-0.935985
-0.93711
-0.936783
-0.935762
-0.935708
-0.938215
-0.934881
-0.938076
-0.937433
-0.937941
-0.937948
-0.935432
-0.935221
-0.935499
-0.936093
-0.93936
-0.939039
-0.938819
-0.937286
-0.938657
-0.938279
-0.938192
-0.939337
-0.939529
-0.939851
-0.939428
-0.939341
-0.939291
-0.939159
-0.936766
-0.938077
-0.937019
-0.934682
-0.933314
-0.933087
-0.933874
-0.933252
-0.933986
-0.932825
-0.934002
-0.934103
-0.933492
-0.933675
-0.933703
-0.937268
-0.938432
-0.934566
-0.937661
-0.937558
-0.931047
-0.937037
-0.931464
-0.937445
-0.93633
-0.937987
-0.935575
-0.935887
-0.935648
-0.934457
-0.931047
-0.93743
-0.936265
-0.935425
-0.935774
-0.935169
-0.936437
-0.936635
-0.935826
-0.936227
-0.935026
-0.935655
-0.935663
-0.936487
-0.935906
-0.936251
-0.938568
-0.938828
-0.935307
-0.938451
-0.934457
-0.935181
-0.93389
-0.934352
-0.93463
-0.935186
-0.933655
-0.938526
-0.934186
-0.935609
-0.937024
-0.938096
-0.934841
-0.937297
-0.939542
-0.935435
-0.93862
-0.937083
-0.93618
-0.933758
-0.932989
-0.932176
-0.931566
-0.931559
-0.934392
-0.933406
-0.934862
-0.938083
-0.935405
-0.936764
-0.939459
-0.937842
-0.932093
-0.938009
-0.937295
-0.937098
-0.935975
-0.936124
-0.932018
-0.937267
-0.939178
-0.938302
-0.936918
-0.936592
-0.938339
-0.935463
-0.935855
-0.936447
-0.935727
-0.935982
-0.937229
-0.932506
-0.931682
-0.932126
-0.932124
-0.931934
-0.934015
-0.932356
-0.933557
-0.934068
-0.934055
-0.931806
-0.934809
-0.931983
-0.932508
-0.935204
-0.933174
-0.936191
-0.933053
-0.936002
-0.933012
-0.934988
-0.937536
-0.939295
-0.936197
-0.931524
-0.935178
-0.936445
-0.932652
-0.932659
-0.935367
-0.935916
-0.936921
-0.936662
-0.93609
-0.935747
-0.938142
-0.934676
-0.938469
-0.937463
-0.937825
-0.93686
-0.938011
-0.936053
-0.938817
-0.936081
-0.938158
-0.940127
-0.938399
-0.938481
-0.937858
-0.939856
-0.939262
-0.939262
-0.939378
-0.935395
-0.938716
-0.935463
-0.938056
-0.936873
-0.931734
-0.935276
-0.936293
-0.931618
-0.934753
-0.931538
-0.934455
-0.934827
-0.93374
-0.934842
-0.936075
-0.9357
-0.936555
-0.93573
-0.934811
-0.933049
-0.931803
-0.93501
-0.936401
-0.934793
-0.931
-0.935377
-0.934948
-0.9328
-0.933002
-0.934272
-0.934108
-0.935868
-0.934065
-0.934108
-0.935868
-0.935164
-0.936092
-0.936397
-0.935086
-0.935611
-0.939502
-0.934345
-0.937282
-0.937305
-0.934074
-0.936989
-0.939518
-0.93783
-0.93474
-0.934614
-0.936532
-0.937132
-0.935422
-0.93552
-0.939875
-0.93808
-0.939839
-0.933163
-0.936322
-0.938041
-0.934177
-0.935067
-0.931672
-0.938288
-0.938222
-0.934387
-0.938
-0.935493
-0.937292
-0.935522
-0.935172
-0.936943
-0.937487
-0.935966
-0.935454
-0.937442
-0.937376
-0.934469
-0.934864
-0.935168
-0.934631
-0.934431
-0.935155
-0.937857
-0.934968
-0.937011
-0.932833
-0.937133
-0.93318
-0.935116
-0.936112
-0.934771
-0.936598
-0.938084
-0.938012
-0.935527
-0.935072
-0.939531
-0.935929
-0.937114
-0.937066
-0.93674
-0.939422
-0.937932
-0.93519
-0.935502
-0.93472
-0.936447
-0.938878
-0.938483
-0.935257
-0.93915
-0.934383
-0.936635
-0.936118
-0.932431
-0.932199
-0.934629
-0.931745
-0.933036
-0.932291
-0.931342
-0.9323
-0.934589
-0.935729
-0.937135
-0.937245
-0.936537
-0.935581
-0.935376
-0.937121
-0.938898
-0.936649
-0.937937
-0.937226
-0.938399
-0.935775
-0.93755
