-0.979335
-0.979352
-0.980238
-0.977075
-0.97707
-0.978235
-0.979595
-0.978121
-0.977457
-0.978154
-0.978018
-0.978412
-0.9785
-0.977092
-0.977755
-0.978244
-0.977153
-0.977075
-0.977086
-0.977093
-0.977439
-0.978239
-0.977856
-0.977117
-0.977559
-0.978063
-0.979385
-0.977396
-0.978222
-0.977987
-0.979817
-0.980624
-0.979061
-0.977236
-0.97735
-0.9787
-0.978636
-0.977921
-0.9786
-0.978347
-0.978226
-0.979053
-0.97809
-0.978186
-0.978753
-0.977428
-0.977911
-0.978789
-0.978317
-0.978549
-0.978563
-0.976884
-0.978634
-0.978045
-0.978745
-0.979726
-0.976777
-0.976613
-0.977161
-0.97949
-0.979186
-0.980326
-0.97743
-0.978044
-0.977232
-0.977174
-0.97755
-0.977281
-0.97839
-0.980095
-0.980752
-0.980108
-0.979563
-0.979713
-0.977304
-0.978924
-0.979871
-0.977735
-0.980414
-0.980718
-0.979769
-0.978928
-0.977608
-0.978081
-0.978188
-0.977155
-0.979309
-0.979111
-0.977733
-0.977309
-0.977324
-0.977021
-0.977271
-0.978211
-0.977244
-0.977154
-0.977181
-0.977164
-0.977334
-0.977017
-0.977154
-0.976621
-0.978051
-0.977197
-0.977144
-0.977246
-0.977136
-0.977215
-0.98003
-0.978191
-0.976698
-0.977895
-0.978326
-0.977002
-0.978153
-0.977865
-0.97766
-0.977813
-0.978197
-0.977693
-0.977228
-0.97906
-0.978189
-0.978936
-0.978212
-0.979397
-0.979007
-0.978197
-0.977813
-0.978078
-0.978263
-0.977488
-0.97873
-0.97902
-0.978354
-0.978459
-0.978718
-0.976688
-0.97952
-0.980643
-0.980535
-0.980549
-0.979578
-0.978133
-0.978567
-0.976986
-0.977062
-0.977169
-0.976725
-0.978416
-0.976976
-0.98071
-0.981978
-0.979186
-0.979213
-0.978348
-0.980698
-0.979154
-0.979677
-0.980068
-0.980412
-0.978303
-0.977344
-0.978843
-0.978543
-0.979324
-0.978461
-0.979618
-0.980479
-0.979091
-0.979352
-0.978746
-0.977278
-0.977147
-0.978628
-0.977663
-0.980043
-0.979329
-0.979068
-0.980402
-0.978041
-0.97897
-0.977175
-0.98078
-0.979681
-0.978574
-0.98007
-0.979037
-0.981201
-0.979982
-0.979644
-0.980696
-0.978715
-0.98071
-0.97914
-0.980179
-0.979007
-0.97941
-0.980118
-0.98027
-0.978471
-0.978275
-0.979787
-0.979334
-0.980612
-0.98026
-0.979586
-0.980496
-0.978115
-0.978159
-0.978238
-0.980153
-0.97867
-0.978402
-0.978085
-0.976796
-0.978329
-0.977389
-0.977463
-0.977187
-0.977693
-0.978168
-0.978712
-0.978647
-0.980172
-0.978244
-0.980427
-0.97905
-0.978345
-0.979776
-0.980615
-0.978368
-0.978885
-0.97864
-0.979038
-0.979159
-0.979055
-0.979107
-0.979262
-0.976812
-0.977173
-0.976797
-0.978916
-0.977399
-0.978819
-0.97837
-0.978739
-0.978828
-0.97738
-0.977168
-0.977155
-0.97839
-0.978335
-0.978327
-0.978508
-0.978257
-0.976788
-0.976921
-0.977951
-0.977326
-0.979451
-0.979991
-0.97902
-0.978485
-0.97668
-0.976521
-0.976574
-0.977786
-0.978084
-0.977386
-0.978351
-0.97655
-0.977039
-0.97814
-0.977932
-0.977966
-0.977647
-0.978253
-0.977663
-0.976537
-0.97936
-0.978725
-0.97653
-0.977524
-0.97698
-0.97989
-0.97902
-0.979407
-0.979542
-0.97848
-0.981128
-0.98044
-0.977569
-0.98119
-0.979153
-0.980321
-0.979509
-0.980827
-0.980661
-0.979944
-0.97898
-0.977526
-0.980365
-0.979317
-0.978949
-0.980819
-0.980745
-0.981008
-0.980222
-0.980218
-0.976654
-0.979166
-0.978679
-0.976817
-0.976952
-0.97778
-0.977872
-0.977731
-0.976558
-0.977045
-0.976931
-0.978353
-0.977792
-0.978196
-0.978018
-0.980369
-0.978761
-0.979996
-0.979239
-0.979848
-0.978662
-0.978729
-0.978253
-0.980591
-0.979608
-0.978092
-0.977593
-0.977238
-0.977648
-0.977435
-0.977718
-0.977666
-0.976887
-0.97892
-0.977926
-0.978467
-0.978332
-0.978479
-0.976804
-0.978733
-0.977963
-0.978207
-0.978264
-0.978541
-0.978194
-0.978675
-0.978254
-0.97835
-0.977911
-0.978527
-0.980072
-0.976817
-0.980732
-0.979044
-0.980248
-0.97899
-0.97972
-0.979668
-0.97865
-0.976598
-0.976901
-0.978361
-0.978865
-0.980025
-0.977246
-0.980834
-0.978198
-0.980601
-0.979606
-0.97863
-0.979029
-0.979374
-0.978436
-0.978431
-0.978053
-0.978529
-0.978774
-0.978266
-0.978781
-0.978231
-0.979739
-0.979095
-0.980358
-0.978474
-0.977993
-0.978883
-0.978935
-0.979989
-0.979254
-0.9787
-0.979261
-0.979612
-0.977678
-0.979241
-0.979152
-0.980243
-0.978441
-0.977559
-0.977338
-0.977305
-0.978588
-0.978369
-0.978616
-0.976716
-0.977174
-0.976716
-0.977069
-0.976804
-0.976804
-0.976895
-0.976804
-0.97756
-0.976655
-0.977657
-0.977174
-0.977565
-0.977174
-0.976654
-0.979412
-0.977174
-0.976804
-0.976757
-0.978407
-0.978477
-0.977732
-0.978334
-0.978401
-0.978512
-0.978627
-0.978233
-0.976888
-0.9792
-0.978302
-0.979035
-0.979838
-0.978611
-0.980315
-0.979819
-0.980385
-0.979108
-0.976687
-0.977807
-0.978007
-0.978644
-0.976524
-0.976764
-0.977053
-0.979734
-0.976958
-0.979409
-0.98004
-0.979515
-0.977085
-0.977172
-0.97823
-0.97832
-0.978324
-0.980868
-0.980631
-0.977857
-0.977334
-0.977044
-0.977174
-0.977431
-0.977714
-0.977025
-0.978605
-0.978289
-0.978335
-0.978511
-0.978106
-0.979653
-0.977693
-0.977719
-0.979109
-0.978999
-0.976793
-0.978766
-0.977562
-0.977278
-0.977634
-0.981027
-0.979644
-0.979025
-0.978195
-0.978582
-0.977194
-0.977786
-0.977754
-0.977367
-0.976794
-0.977228
-0.977611
-0.977055
-0.978613
-0.977456
-0.9768
-0.977553
-0.977605
-0.977163
-0.977295
-0.980339
-0.97899
-0.979044
-0.980533
-0.980723
-0.980767
-0.979013
-0.978262
-0.978889
-0.978944
-0.980198
-0.979332
-0.981012
-0.979805
-0.978829
-0.978554
-0.977946
-0.979941
-0.980097
-0.979648
-0.980518
-0.978815
-0.979857
-0.979416
-0.978242
-0.979218
-0.980183
-0.980218
-0.98027
-0.979733
-0.979768
-0.978812
-0.97845
-0.978816
-0.977924
-0.977819
-0.98014
-0.978485
-0.978262
-0.97801
-0.978197
-0.978919
-0.979004
-0.978047
-0.97792
-0.978357
-0.977185
-0.979209
-0.978866
-0.979201
-0.978421
-0.978566
-0.978166
-0.977632
-0.978905
-0.978223
-0.976891
-0.978547
-0.976942
-0.976821
-0.978522
-0.979009
-0.978976
-0.976907
-0.976821
-0.978566
-0.978412
-0.97909
-0.976892
-0.978097
-0.978181
-0.978981
-0.978775
-0.978771
-0.979013
-0.978676
-0.979763
-0.97869
-0.978629
-0.979577
-0.979325
-0.979046
-0.979267
-0.979824
-0.979668
-0.978653
-0.978563
-0.979126
-0.980472
-0.980852
-0.978526
-0.978542
-0.979988
-0.979878
-0.97807
-0.978188
-0.97835
-0.978324
-0.978566
-0.978423
-0.97812
-0.979022
-0.978848
-0.978111
-0.978484
-0.978397
-0.977891
-0.978774
-0.978127
-0.978608
-0.978563
-0.978505
-0.978377
-0.979225
-0.979504
-0.980247
-0.978495
-0.978711
-0.978224
-0.977505
-0.977692
-0.979415
-0.977931
-0.977976
-0.979976
-0.98094
-0.979994
-0.979842
-0.980647
-0.980488
-0.978755
-0.980076
-0.978891
-0.980545
-0.978776
-0.978904
-0.980999
-0.976948
-0.980835
-0.978907
-0.979555
-0.980182
-0.979572
-0.979148
-0.979137
-0.979784
-0.979141
-0.978012
-0.978275
-0.978864
-0.978933
-0.978516
-0.979046
-0.97868
-0.978644
-0.981029
-0.978192
-0.97996
-0.981214
-0.979578
-0.979882
-0.979036
-0.979421
-0.980469
-0.98009
-0.980428
-0.979209
-0.980118
-0.979648
-0.979251
-0.979049
-0.980766
-0.978796
-0.98041
-0.979778
-0.980163
-0.980182
-0.979248
-0.978905
-0.979044
-0.979379
-0.98109
-0.980705
-0.980718
-0.97973
-0.980551
-0.980259
-0.980237
-0.980993
-0.981148
-0.981106
-0.980972
-0.981091
-0.980762
-0.980748
-0.97954
-0.980242
-0.979819
-0.978351
-0.977817
-0.97791
-0.978442
-0.977968
-0.978357
-0.977673
-0.978305
-0.978388
-0.978195
-0.978334
-0.97827
-0.97967
-0.980549
-0.978398
-0.979927
-0.980242
-0.976749
-0.979887
-0.97676
-0.980261
-0.979346
-0.980378
-0.978857
-0.979337
-0.979396
-0.978439
-0.976749
-0.980229
-0.979601
-0.979091
-0.979372
-0.978951
-0.979564
-0.979738
-0.979343
-0.979163
-0.978738
-0.979248
-0.979378
-0.979403
-0.979356
-0.979337
-0.980913
-0.98113
-0.978987
-0.980895
-0.978442
-0.978853
-0.978393
-0.978409
-0.978921
-0.979151
-0.978532
-0.980763
-0.978296
-0.979355
-0.980153
-0.980718
-0.979011
-0.980134
-0.981181
-0.978905
-0.980685
-0.979907
-0.979172
-0.978068
-0.977652
-0.977212
-0.976958
-0.976857
-0.978367
-0.977671
-0.9785
-0.980452
-0.978939
-0.979689
-0.981271
-0.980306
-0.977334
-0.980219
-0.979962
-0.979709
-0.97958
-0.979357
-0.977059
-0.979937
-0.98091
-0.980594
-0.979987
-0.979844
-0.980873
-0.979161
-0.97908
-0.979635
-0.979161
-0.979167
-0.980083
-0.97765
-0.977413
-0.977158
-0.977142
-0.977583
-0.978221
-0.977254
-0.978315
-0.978506
-0.978561
-0.977449
-0.978906
-0.977452
-0.977841
-0.978893
-0.978076
-0.979699
-0.978063
-0.979608
-0.978014
-0.979208
-0.97999
-0.980906
-0.979123
-0.977033
-0.978621
-0.979587
-0.97759
-0.977857
-0.978821
-0.97897
-0.979744
-0.979725
-0.97913
-0.979188
-0.980462
-0.978352
-0.980503
-0.979743
-0.980241
-0.979864
-0.980117
-0.97935
-0.980771
-0.979143
-0.980597
-0.981084
-0.980679
-0.980539
-0.980281
-0.981195
-0.980855
-0.980855
-0.981086
-0.978958
-0.980463
-0.979046
-0.980381
-0.979712
-0.977029
-0.979132
-0.979547
-0.977087
-0.978989
-0.977203
-0.97853
-0.978709
-0.978281
-0.978696
-0.979388
-0.979391
-0.979832
-0.979229
-0.979026
-0.977981
-0.977239
-0.978962
-0.979399
-0.978519
-0.976717
-0.978974
-0.979015
-0.977548
-0.977799
-0.978073
-0.978266
-0.979304
-0.978379
-0.978266
-0.979304
-0.978771
-0.979832
-0.979467
-0.978727
-0.978899
-0.981014
-0.978802
-0.980045
-0.980099
-0.978311
-0.979751
-0.981072
-0.980212
-0.978876
-0.978528
-0.979405
-0.980057
-0.979196
-0.97938
-0.981337
-0.980891
-0.981471
-0.978083
-0.979399
-0.980468
-0.978481
-0.978917
-0.977085
-0.980782
-0.98057
-0.978426
-0.980534
-0.979039
-0.980192
-0.979255
-0.978901
-0.980012
-0.980447
-0.97954
-0.979178
-0.980394
-0.980263
-0.978536
-0.978882
-0.978991
-0.978432
-0.978699
-0.979004
-0.980352
-0.979012
-0.9803
-0.977546
-0.979946
-0.977687
-0.978685
-0.979215
-0.978731
-0.979547
-0.980278
-0.980394
-0.979147
-0.978929
-0.980939
-0.979186
-0.979821
-0.979888
-0.979613
-0.980441
-0.979921
-0.978832
-0.979073
-0.978932
-0.979573
-0.980938
-0.980431
-0.978609
-0.981072
-0.97803
-0.979788
-0.979299
-0.977301
-0.977295
-0.978662
-0.977062
-0.977849
-0.977169
-0.977065
-0.977728
-0.978658
-0.978822
-0.980082
-0.979831
-0.979643
-0.978834
-0.978582
-0.979897
-0.980876
-0.979816
-0.980465
-0.980055
-0.980992
-0.979329
-0.980323
