-0.977326
-0.977076
-0.977854
-0.975149
-0.97516
-0.976103
-0.977309
-0.976117
-0.975322
-0.975998
-0.975814
-0.976462
-0.976421
-0.975118
-0.975782
-0.976168
-0.975172
-0.975156
-0.975124
-0.975222
-0.975337
-0.976044
-0.97591
-0.975193
-0.975506
-0.976061
-0.976863
-0.975427
-0.975934
-0.975863
-0.97737
-0.978242
-0.976926
-0.97533
-0.975504
-0.976675
-0.976546
-0.975939
-0.976498
-0.976225
-0.97623
-0.977013
-0.976024
-0.976188
-0.976662
-0.975375
-0.975934
-0.976711
-0.976349
-0.976524
-0.976532
-0.975022
-0.976622
-0.976063
-0.976756
-0.977348
-0.975155
-0.974884
-0.975361
-0.977407
-0.976804
-0.978221
-0.975616
-0.975948
-0.975428
-0.975443
-0.975867
-0.975443
-0.976146
-0.977885
-0.97832
-0.977747
-0.97747
-0.977663
-0.975239
-0.976819
-0.977562
-0.975955
-0.978075
-0.978509
-0.977577
-0.977036
-0.975888
-0.97628
-0.976252
-0.975233
-0.97719
-0.976851
-0.975832
-0.975447
-0.975626
-0.975327
-0.975471
-0.976238
-0.975526
-0.975441
-0.97555
-0.975435
-0.975477
-0.975159
-0.975441
-0.974958
-0.976203
-0.975456
-0.97533
-0.975478
-0.975248
-0.975397
-0.977811
-0.976298
-0.974688
-0.975995
-0.976377
-0.975045
-0.976356
-0.975912
-0.975761
-0.975935
-0.976245
-0.975996
-0.975417
-0.977137
-0.976179
-0.976899
-0.97638
-0.977411
-0.977314
-0.976158
-0.975717
-0.975918
-0.976233
-0.975631
-0.976647
-0.976847
-0.976603
-0.976557
-0.976454
-0.97509
-0.977293
-0.978336
-0.978189
-0.978267
-0.977512
-0.97614
-0.976621
-0.975078
-0.975076
-0.975046
-0.974825
-0.976597
-0.975352
-0.97839
-0.979393
-0.977033
-0.977053
-0.976335
-0.978346
-0.97717
-0.97746
-0.977612
-0.978397
-0.976571
-0.975499
-0.976904
-0.976717
-0.977081
-0.97671
-0.977804
-0.978158
-0.97705
-0.977428
-0.97677
-0.97549
-0.975306
-0.97657
-0.975597
-0.977904
-0.977168
-0.977035
-0.977836
-0.976189
-0.97694
-0.975261
-0.978247
-0.977697
-0.976274
-0.97788
-0.976792
-0.978709
-0.977634
-0.977503
-0.9785
-0.976629
-0.978115
-0.977064
-0.97797
-0.977028
-0.977065
-0.977924
-0.977911
-0.976504
-0.976255
-0.977519
-0.977211
-0.978179
-0.977965
-0.977472
-0.978306
-0.976222
-0.976123
-0.976244
-0.977837
-0.976482
-0.976602
-0.976441
-0.975121
-0.976575
-0.975664
-0.975632
-0.975502
-0.975922
-0.976268
-0.976647
-0.976681
-0.977986
-0.976443
-0.97804
-0.976867
-0.97646
-0.977627
-0.978233
-0.976235
-0.976833
-0.976686
-0.976862
-0.977044
-0.976965
-0.976971
-0.977012
-0.975079
-0.975326
-0.974995
-0.976914
-0.975624
-0.976874
-0.976453
-0.976599
-0.976644
-0.975503
-0.975281
-0.975259
-0.976446
-0.976316
-0.976287
-0.976468
-0.976404
-0.975142
-0.975101
-0.976196
-0.975503
-0.977305
-0.977821
-0.97688
-0.9765
-0.974925
-0.97474
-0.974767
-0.975885
-0.976018
-0.975631
-0.976304
-0.974691
-0.975258
-0.976215
-0.976128
-0.975898
-0.975788
-0.97633
-0.975818
-0.974733
-0.977409
-0.976621
-0.974766
-0.975741
-0.97508
-0.977638
-0.97688
-0.977307
-0.977494
-0.976544
-0.97866
-0.978002
-0.975556
-0.978915
-0.976902
-0.978249
-0.977457
-0.978579
-0.97832
-0.977829
-0.97708
-0.975564
-0.978112
-0.977231
-0.976857
-0.978164
-0.978287
-0.978591
-0.977971
-0.978042
-0.97492
-0.97698
-0.976766
-0.974953
-0.975091
-0.975703
-0.976012
-0.975962
-0.974662
-0.975142
-0.975276
-0.97653
-0.975888
-0.976425
-0.976045
-0.978246
-0.976739
-0.977649
-0.977131
-0.977766
-0.976408
-0.976739
-0.976306
-0.978191
-0.977636
-0.976294
-0.97578
-0.975181
-0.975775
-0.975476
-0.975803
-0.975715
-0.975082
-0.976752
-0.976029
-0.976347
-0.976407
-0.976516
-0.974948
-0.976621
-0.976124
-0.976204
-0.976331
-0.976497
-0.976164
-0.976488
-0.976162
-0.97646
-0.975976
-0.976569
-0.9779
-0.974961
-0.978482
-0.977069
-0.977927
-0.976833
-0.977739
-0.977348
-0.976755
-0.974796
-0.975213
-0.976435
-0.976765
-0.977635
-0.975285
-0.978319
-0.976287
-0.978295
-0.977623
-0.976716
-0.977345
-0.977508
-0.97663
-0.976623
-0.976176
-0.976675
-0.976884
-0.976599
-0.97689
-0.976346
-0.977615
-0.977052
-0.978047
-0.976554
-0.976187
-0.97695
-0.977401
-0.978267
-0.977409
-0.976611
-0.977435
-0.97756
-0.975837
-0.977423
-0.977349
-0.977856
-0.97648
-0.975836
-0.975618
-0.97538
-0.97667
-0.976441
-0.976671
-0.974849
-0.975068
-0.974849
-0.975219
-0.974753
-0.974752
-0.974962
-0.974752
-0.97558
-0.974713
-0.975662
-0.974969
-0.975652
-0.974969
-0.974746
-0.977588
-0.975068
-0.974752
-0.974874
-0.976435
-0.976311
-0.975891
-0.97627
-0.976469
-0.976597
-0.976582
-0.976375
-0.975159
-0.977086
-0.976378
-0.977158
-0.977982
-0.97664
-0.978115
-0.977894
-0.977855
-0.977231
-0.974876
-0.97604
-0.976106
-0.976628
-0.974674
-0.974882
-0.975163
-0.977563
-0.975146
-0.977163
-0.977946
-0.97728
-0.975201
-0.975274
-0.976283
-0.9763
-0.976297
-0.978494
-0.97846
-0.975889
-0.975476
-0.975141
-0.975324
-0.975467
-0.975901
-0.975167
-0.976623
-0.976463
-0.976464
-0.97651
-0.976192
-0.977591
-0.975891
-0.975845
-0.977058
-0.977037
-0.975193
-0.976839
-0.975628
-0.975503
-0.975843
-0.978401
-0.977531
-0.97701
-0.976532
-0.97664
-0.975533
-0.975987
-0.975938
-0.975429
-0.974995
-0.975363
-0.97597
-0.975245
-0.976696
-0.975494
-0.974818
-0.975686
-0.975751
-0.975301
-0.97545
-0.977919
-0.97694
-0.976844
-0.978058
-0.978326
-0.978398
-0.977034
-0.9764
-0.976861
-0.977034
-0.977917
-0.977261
-0.978531
-0.977457
-0.976803
-0.976473
-0.975808
-0.977592
-0.977714
-0.977339
-0.97807
-0.97651
-0.977596
-0.977134
-0.976274
-0.977197
-0.978108
-0.978033
-0.977754
-0.977394
-0.977487
-0.976517
-0.976304
-0.976428
-0.975999
-0.975767
-0.977836
-0.976568
-0.976207
-0.975851
-0.976199
-0.976532
-0.976548
-0.976099
-0.975863
-0.976629
-0.975225
-0.977071
-0.976849
-0.977076
-0.976568
-0.976857
-0.976461
-0.975781
-0.97702
-0.976325
-0.975039
-0.976537
-0.975141
-0.975094
-0.976573
-0.97715
-0.977008
-0.975036
-0.975121
-0.976668
-0.976493
-0.977116
-0.97524
-0.976083
-0.976347
-0.97691
-0.976812
-0.977079
-0.977076
-0.976529
-0.977772
-0.976729
-0.976556
-0.977453
-0.97703
-0.977036
-0.977171
-0.977732
-0.977605
-0.976638
-0.976467
-0.977045
-0.978199
-0.978367
-0.97663
-0.976546
-0.977706
-0.977514
-0.976112
-0.976035
-0.976215
-0.976279
-0.976373
-0.976369
-0.975891
-0.976695
-0.976656
-0.975827
-0.976428
-0.976425
-0.976054
-0.976585
-0.976169
-0.976464
-0.976531
-0.9765
-0.976434
-0.977072
-0.97754
-0.977681
-0.976357
-0.976494
-0.976143
-0.975405
-0.9757
-0.977032
-0.975833
-0.976003
-0.977598
-0.978676
-0.977909
-0.977605
-0.978268
-0.977909
-0.976665
-0.977731
-0.976915
-0.978289
-0.976743
-0.976785
-0.978511
-0.975169
-0.978547
-0.976632
-0.977295
-0.977772
-0.977325
-0.977176
-0.976926
-0.977649
-0.977122
-0.976112
-0.976381
-0.976913
-0.976873
-0.976482
-0.976986
-0.976812
-0.976685
-0.978708
-0.976342
-0.977631
-0.978863
-0.97751
-0.977753
-0.977009
-0.97727
-0.978258
-0.977941
-0.978192
-0.977144
-0.977748
-0.977606
-0.977078
-0.97697
-0.978204
-0.976672
-0.978176
-0.977614
-0.978025
-0.977897
-0.976946
-0.976745
-0.97687
-0.977268
-0.978719
-0.978441
-0.978428
-0.977855
-0.978221
-0.978158
-0.978172
-0.978683
-0.978583
-0.978761
-0.97861
-0.978885
-0.978531
-0.978479
-0.977625
-0.978137
-0.977565
-0.976524
-0.976171
-0.97598
-0.976314
-0.97592
-0.976408
-0.975854
-0.976394
-0.976438
-0.976327
-0.976311
-0.976395
-0.977607
-0.978099
-0.976441
-0.97779
-0.977892
-0.974696
-0.977676
-0.975005
-0.978152
-0.977355
-0.978286
-0.977028
-0.977188
-0.977325
-0.976442
-0.974697
-0.977973
-0.977485
-0.97708
-0.977258
-0.977012
-0.977496
-0.977558
-0.977238
-0.977277
-0.976866
-0.977276
-0.977168
-0.977333
-0.977266
-0.977343
-0.978507
-0.978605
-0.976777
-0.978279
-0.976495
-0.976792
-0.976322
-0.976359
-0.976651
-0.976956
-0.976308
-0.978492
-0.976241
-0.977155
-0.977812
-0.978423
-0.976874
-0.977915
-0.978889
-0.976925
-0.978475
-0.977822
-0.977178
-0.976128
-0.975947
-0.975556
-0.975256
-0.975155
-0.97646
-0.976013
-0.976726
-0.978164
-0.976997
-0.977448
-0.978793
-0.978092
-0.975527
-0.978053
-0.977752
-0.977558
-0.977403
-0.977339
-0.975389
-0.977727
-0.978591
-0.978323
-0.977646
-0.977724
-0.978482
-0.977082
-0.976923
-0.977412
-0.977036
-0.977025
-0.977604
-0.975751
-0.97531
-0.975229
-0.975399
-0.975464
-0.976314
-0.975405
-0.976365
-0.976414
-0.976422
-0.975399
-0.976745
-0.975489
-0.975828
-0.976729
-0.976084
-0.977349
-0.975956
-0.977403
-0.97599
-0.977086
-0.977742
-0.978507
-0.977108
-0.975051
-0.976584
-0.977374
-0.975681
-0.975858
-0.976656
-0.976908
-0.977502
-0.97736
-0.977157
-0.977025
-0.977937
-0.976252
-0.978062
-0.977853
-0.977899
-0.977405
-0.977908
-0.97713
-0.978322
-0.976974
-0.978185
-0.978838
-0.97837
-0.978194
-0.977988
-0.978795
-0.978631
-0.978631
-0.978729
-0.97697
-0.978409
-0.97701
-0.9781
-0.977638
-0.975125
-0.977067
-0.977478
-0.975059
-0.97695
-0.97533
-0.976532
-0.97686
-0.976313
-0.976701
-0.977279
-0.977238
-0.977553
-0.976975
-0.976782
-0.976027
-0.975395
-0.976978
-0.977445
-0.976779
-0.974822
-0.977058
-0.976843
-0.975741
-0.975792
-0.976199
-0.976365
-0.977195
-0.976461
-0.976365
-0.977195
-0.976873
-0.977596
-0.977181
-0.976898
-0.977031
-0.978729
-0.976703
-0.977789
-0.977913
-0.976355
-0.97755
-0.978571
-0.978023
-0.976697
-0.976615
-0.977295
-0.977786
-0.976947
-0.97701
-0.978768
-0.978217
-0.978947
-0.976026
-0.977299
-0.978214
-0.97642
-0.976897
-0.975155
-0.978265
-0.97823
-0.97641
-0.978238
-0.976927
-0.97784
-0.976898
-0.976731
-0.977628
-0.97789
-0.977176
-0.976955
-0.977976
-0.977911
-0.976321
-0.976659
-0.976715
-0.976455
-0.976595
-0.976719
-0.97796
-0.97677
-0.977781
-0.975644
-0.977609
-0.975766
-0.976716
-0.977157
-0.97674
-0.977394
-0.978099
-0.977974
-0.976982
-0.977042
-0.978582
-0.977149
-0.977709
-0.977704
-0.977679
-0.978364
-0.977922
-0.977038
-0.977158
-0.976874
-0.977526
-0.978467
-0.978253
-0.977022
-0.978871
-0.976473
-0.977668
-0.97722
-0.975321
-0.97552
-0.976672
-0.975369
-0.97596
-0.975438
-0.975156
-0.975636
-0.976643
-0.976947
-0.977811
-0.977838
-0.977346
-0.976902
-0.976707
-0.977832
-0.978565
-0.977524
-0.978368
-0.977637
-0.978325
-0.977094
-0.977738
