-0.971424
-0.970975
-0.971872
-0.9687
-0.968685
-0.969804
-0.971247
-0.969927
-0.968861
-0.969681
-0.969454
-0.970206
-0.970246
-0.968636
-0.969417
-0.969942
-0.96874
-0.968723
-0.968643
-0.968735
-0.968813
-0.969814
-0.969542
-0.968735
-0.969082
-0.969776
-0.970778
-0.968945
-0.969622
-0.969686
-0.971383
-0.972302
-0.970824
-0.968987
-0.969174
-0.970515
-0.97043
-0.969572
-0.970396
-0.970118
-0.970015
-0.970722
-0.969793
-0.969949
-0.970386
-0.969018
-0.969662
-0.970587
-0.970143
-0.970297
-0.970344
-0.96861
-0.970431
-0.969833
-0.970627
-0.971338
-0.968745
-0.968397
-0.969003
-0.971321
-0.970701
-0.97235
-0.969279
-0.969783
-0.968886
-0.968941
-0.969451
-0.968966
-0.970048
-0.97191
-0.972504
-0.971824
-0.971461
-0.971548
-0.968783
-0.970676
-0.971555
-0.969523
-0.972231
-0.972674
-0.971625
-0.970961
-0.969597
-0.97015
-0.969968
-0.968766
-0.971186
-0.970767
-0.969526
-0.969078
-0.969282
-0.968856
-0.969109
-0.969995
-0.969165
-0.969059
-0.969226
-0.969063
-0.969108
-0.968719
-0.969059
-0.968616
-0.969966
-0.969077
-0.968849
-0.969048
-0.968857
-0.969098
-0.971815
-0.970105
-0.968206
-0.969766
-0.970094
-0.968588
-0.970153
-0.969624
-0.969475
-0.969638
-0.969927
-0.969673
-0.969055
-0.971158
-0.969936
-0.97083
-0.970116
-0.971366
-0.971211
-0.969922
-0.969359
-0.96968
-0.970024
-0.969303
-0.970469
-0.970674
-0.970346
-0.97024
-0.9703
-0.968576
-0.971242
-0.972599
-0.972342
-0.972448
-0.971475
-0.969915
-0.970412
-0.968621
-0.968566
-0.968621
-0.968316
-0.97042
-0.968948
-0.972561
-0.97373
-0.970972
-0.970979
-0.97014
-0.972488
-0.971083
-0.971425
-0.971667
-0.972588
-0.970392
-0.969121
-0.970812
-0.970598
-0.970919
-0.970692
-0.971846
-0.972265
-0.97096
-0.971388
-0.970562
-0.969019
-0.968885
-0.970426
-0.969248
-0.972068
-0.971125
-0.971047
-0.972053
-0.970002
-0.970745
-0.96883
-0.972399
-0.971852
-0.970154
-0.971907
-0.970723
-0.973127
-0.971729
-0.971475
-0.972818
-0.970436
-0.97238
-0.970854
-0.972018
-0.970882
-0.970944
-0.971992
-0.972107
-0.970396
-0.970067
-0.971524
-0.97105
-0.972344
-0.972132
-0.971455
-0.972479
-0.970054
-0.969867
-0.970132
-0.971943
-0.970291
-0.97048
-0.970391
-0.968694
-0.970466
-0.969244
-0.969227
-0.969051
-0.969608
-0.970152
-0.970662
-0.970617
-0.972104
-0.970317
-0.972346
-0.970856
-0.970329
-0.97168
-0.972415
-0.970132
-0.970814
-0.970631
-0.970747
-0.970911
-0.970888
-0.970902
-0.970816
-0.968537
-0.96896
-0.96855
-0.970779
-0.96932
-0.970709
-0.970294
-0.970584
-0.970639
-0.969183
-0.968871
-0.968858
-0.97027
-0.970129
-0.970102
-0.970286
-0.970167
-0.968825
-0.968668
-0.97004
-0.969148
-0.971337
-0.971893
-0.970693
-0.970101
-0.96831
-0.968221
-0.968267
-0.969589
-0.969717
-0.969291
-0.970111
-0.968214
-0.968875
-0.969827
-0.969851
-0.969614
-0.969432
-0.970092
-0.969511
-0.968214
-0.971341
-0.970469
-0.968253
-0.969481
-0.968651
-0.971751
-0.970693
-0.971381
-0.971317
-0.970414
-0.97293
-0.972076
-0.969124
-0.973214
-0.970776
-0.972367
-0.971419
-0.972884
-0.972552
-0.971924
-0.97102
-0.96918
-0.972191
-0.971064
-0.970701
-0.972288
-0.972569
-0.972772
-0.972088
-0.972011
-0.96851
-0.970819
-0.970595
-0.968489
-0.968658
-0.96948
-0.969725
-0.969686
-0.968134
-0.96871
-0.968869
-0.970393
-0.969577
-0.970255
-0.969813
-0.97233
-0.970628
-0.971648
-0.971193
-0.971795
-0.970169
-0.970523
-0.970035
-0.972265
-0.971467
-0.970048
-0.969505
-0.968761
-0.969452
-0.969062
-0.96948
-0.969378
-0.96869
-0.970513
-0.969668
-0.970093
-0.970133
-0.970348
-0.96846
-0.970318
-0.969846
-0.969908
-0.970022
-0.970283
-0.969936
-0.970355
-0.969901
-0.970182
-0.969524
-0.970414
-0.971922
-0.968493
-0.972583
-0.970884
-0.971965
-0.970689
-0.971703
-0.971332
-0.970614
-0.968295
-0.968838
-0.970248
-0.970613
-0.971729
-0.968855
-0.972535
-0.970202
-0.972451
-0.971636
-0.970311
-0.971259
-0.971475
-0.970346
-0.970372
-0.970035
-0.970557
-0.970762
-0.970389
-0.970658
-0.970092
-0.971639
-0.970823
-0.972005
-0.970354
-0.969951
-0.970689
-0.971256
-0.972464
-0.9714
-0.97039
-0.971375
-0.971543
-0.969586
-0.971573
-0.971178
-0.972064
-0.970162
-0.969487
-0.969257
-0.96897
-0.970521
-0.970227
-0.970496
-0.96842
-0.968631
-0.96842
-0.968808
-0.968318
-0.968318
-0.968525
-0.968318
-0.969307
-0.968229
-0.969333
-0.968402
-0.969261
-0.968402
-0.968293
-0.971651
-0.968635
-0.968318
-0.968402
-0.970233
-0.970063
-0.969663
-0.97005
-0.970311
-0.970453
-0.970429
-0.970105
-0.968722
-0.970942
-0.970198
-0.971076
-0.972084
-0.970446
-0.972278
-0.972114
-0.971889
-0.97098
-0.968386
-0.969752
-0.969852
-0.970475
-0.968139
-0.968414
-0.968744
-0.971597
-0.968707
-0.971157
-0.972048
-0.971338
-0.96864
-0.968708
-0.969956
-0.970014
-0.970011
-0.972665
-0.972583
-0.969714
-0.96911
-0.968796
-0.968917
-0.969172
-0.969649
-0.96883
-0.970497
-0.970188
-0.970285
-0.970363
-0.969908
-0.97153
-0.969586
-0.969522
-0.971013
-0.97094
-0.968773
-0.970667
-0.969277
-0.969005
-0.969542
-0.97259
-0.971571
-0.970897
-0.970403
-0.970506
-0.969211
-0.96972
-0.969625
-0.969099
-0.96858
-0.969039
-0.96964
-0.9689
-0.970525
-0.969091
-0.968268
-0.969331
-0.96928
-0.968818
-0.968931
-0.972055
-0.970862
-0.970712
-0.972267
-0.972624
-0.972667
-0.970995
-0.970218
-0.970712
-0.970945
-0.97204
-0.971201
-0.972916
-0.971501
-0.970714
-0.970315
-0.969521
-0.971676
-0.97185
-0.971305
-0.972319
-0.970333
-0.971605
-0.970937
-0.970085
-0.970985
-0.972336
-0.97218
-0.971883
-0.971426
-0.971433
-0.970322
-0.970071
-0.970208
-0.969574
-0.969421
-0.972096
-0.970375
-0.969794
-0.969484
-0.969923
-0.970394
-0.970362
-0.969677
-0.969561
-0.970444
-0.968723
-0.971008
-0.970742
-0.97111
-0.970333
-0.970739
-0.970224
-0.969622
-0.970924
-0.970186
-0.968563
-0.970278
-0.968661
-0.968634
-0.970319
-0.970951
-0.97083
-0.968562
-0.968664
-0.970504
-0.970387
-0.971066
-0.968779
-0.969819
-0.970144
-0.970801
-0.970689
-0.970875
-0.970998
-0.970315
-0.971845
-0.970558
-0.970287
-0.971438
-0.970992
-0.971016
-0.971154
-0.97174
-0.971643
-0.970448
-0.970296
-0.970945
-0.972408
-0.97258
-0.970508
-0.970361
-0.971757
-0.971465
-0.969833
-0.969778
-0.970164
-0.97025
-0.970189
-0.970148
-0.969605
-0.97058
-0.970462
-0.969526
-0.970274
-0.970278
-0.969805
-0.97047
-0.969958
-0.970309
-0.970374
-0.970309
-0.970407
-0.97109
-0.971679
-0.97183
-0.970193
-0.970252
-0.969897
-0.969035
-0.969349
-0.971056
-0.969637
-0.969792
-0.971672
-0.973051
-0.97199
-0.971796
-0.972473
-0.972209
-0.970551
-0.971886
-0.970885
-0.972493
-0.970589
-0.970648
-0.972678
-0.968871
-0.972809
-0.97057
-0.971315
-0.97191
-0.971388
-0.971046
-0.970921
-0.971729
-0.971062
-0.969958
-0.97015
-0.970862
-0.970839
-0.970328
-0.970904
-0.970707
-0.970673
-0.972914
-0.970134
-0.971731
-0.97322
-0.97159
-0.971811
-0.97095
-0.971254
-0.972568
-0.972092
-0.972392
-0.971108
-0.971768
-0.971654
-0.971022
-0.970915
-0.972434
-0.970682
-0.972387
-0.971643
-0.972191
-0.97213
-0.970868
-0.9707
-0.970847
-0.971268
-0.972999
-0.972705
-0.972633
-0.971809
-0.972402
-0.972347
-0.972325
-0.972994
-0.972791
-0.973
-0.972853
-0.973209
-0.972786
-0.972783
-0.971648
-0.972313
-0.971631
-0.970336
-0.969924
-0.969733
-0.970105
-0.969648
-0.970154
-0.969616
-0.970182
-0.970197
-0.970097
-0.970165
-0.970216
-0.971671
-0.972264
-0.970333
-0.971905
-0.972142
-0.968262
-0.971829
-0.968575
-0.972311
-0.971436
-0.972334
-0.970903
-0.971166
-0.971326
-0.970328
-0.968262
-0.972102
-0.97158
-0.970992
-0.971229
-0.970899
-0.971467
-0.971651
-0.971194
-0.971283
-0.970855
-0.971121
-0.971096
-0.971353
-0.971359
-0.971514
-0.972665
-0.972722
-0.970582
-0.972514
-0.970289
-0.97052
-0.970024
-0.970061
-0.970405
-0.97078
-0.969977
-0.97271
-0.969871
-0.970921
-0.971785
-0.972543
-0.970733
-0.971838
-0.973193
-0.970829
-0.972621
-0.97188
-0.971129
-0.969811
-0.969632
-0.969218
-0.968894
-0.968643
-0.970296
-0.969773
-0.970685
-0.972269
-0.970871
-0.971548
-0.973048
-0.972201
-0.969189
-0.972118
-0.971845
-0.971577
-0.971406
-0.971188
-0.969037
-0.971851
-0.972842
-0.972579
-0.971634
-0.971802
-0.972706
-0.970959
-0.970897
-0.971463
-0.971016
-0.971013
-0.971777
-0.969413
-0.968909
-0.968856
-0.968951
-0.969065
-0.97008
-0.969027
-0.970022
-0.970187
-0.970214
-0.969027
-0.970582
-0.969092
-0.969677
-0.970627
-0.969818
-0.971282
-0.969672
-0.971412
-0.969673
-0.970973
-0.971728
-0.972775
-0.971004
-0.968579
-0.970389
-0.971277
-0.969217
-0.969433
-0.970625
-0.970726
-0.971547
-0.971297
-0.971078
-0.970886
-0.972111
-0.970137
-0.972306
-0.971915
-0.972092
-0.971439
-0.971987
-0.97114
-0.972499
-0.970849
-0.972325
-0.973218
-0.972617
-0.972398
-0.972131
-0.973174
-0.973007
-0.973007
-0.972946
-0.970906
-0.972521
-0.970982
-0.972186
-0.971604
-0.968693
-0.970949
-0.971384
-0.968572
-0.970755
-0.968895
-0.970459
-0.970734
-0.970148
-0.970576
-0.971219
-0.971153
-0.971519
-0.970862
-0.970581
-0.969685
-0.96897
-0.97091
-0.971487
-0.970632
-0.968328
-0.971014
-0.970736
-0.969239
-0.969462
-0.969996
-0.970169
-0.97107
-0.970285
-0.970169
-0.97107
-0.970727
-0.971621
-0.971151
-0.970808
-0.970957
-0.973001
-0.970467
-0.971793
-0.972137
-0.970131
-0.971678
-0.972782
-0.972086
-0.970566
-0.970509
-0.971298
-0.971842
-0.970824
-0.971
-0.97315
-0.972282
-0.973103
-0.969641
-0.971271
-0.972485
-0.970259
-0.970718
-0.968711
-0.972547
-0.972364
-0.970204
-0.972304
-0.970975
-0.971794
-0.970788
-0.970539
-0.97158
-0.971964
-0.971102
-0.970819
-0.972085
-0.97205
-0.970132
-0.970566
-0.970533
-0.970257
-0.970429
-0.97066
-0.972058
-0.970733
-0.971733
-0.969307
-0.971786
-0.969483
-0.970606
-0.97117
-0.970623
-0.971438
-0.972233
-0.972139
-0.970829
-0.970993
-0.972833
-0.971067
-0.971753
-0.971754
-0.971809
-0.972648
-0.972094
-0.970883
-0.971119
-0.970774
-0.971563
-0.972702
-0.972431
-0.97094
-0.97292
-0.970304
-0.971684
-0.97132
-0.969024
-0.969158
-0.970551
-0.968961
-0.9697
-0.969052
-0.96876
-0.969079
-0.970556
-0.970833
-0.971887
-0.971934
-0.971322
-0.970797
-0.970559
-0.971941
-0.972787
-0.971605
-0.972787
-0.971655
-0.972411
-0.971107
-0.971818
