-0.974602
-0.974486
-0.975155
-0.972203
-0.972253
-0.973273
-0.974547
-0.973501
-0.972306
-0.973298
-0.973151
-0.973629
-0.973689
-0.972281
-0.972933
-0.973496
-0.972409
-0.972253
-0.97227
-0.972348
-0.972291
-0.973237
-0.973079
-0.972263
-0.972627
-0.973321
-0.974395
-0.972577
-0.973256
-0.973156
-0.97475
-0.975438
-0.974039
-0.972657
-0.972686
-0.973865
-0.973615
-0.973129
-0.973721
-0.973392
-0.973354
-0.974079
-0.973154
-0.973385
-0.973878
-0.972684
-0.972948
-0.973914
-0.973256
-0.973785
-0.973713
-0.972273
-0.973812
-0.973177
-0.973952
-0.974568
-0.972189
-0.972085
-0.972628
-0.974481
-0.974069
-0.975309
-0.972518
-0.973047
-0.972627
-0.972608
-0.972833
-0.972569
-0.973468
-0.975157
-0.975471
-0.974958
-0.974571
-0.974769
-0.97233
-0.974072
-0.974698
-0.973134
-0.975248
-0.975434
-0.974956
-0.974311
-0.973032
-0.973483
-0.973301
-0.972251
-0.974516
-0.974154
-0.973026
-0.97253
-0.972707
-0.97239
-0.972634
-0.973437
-0.972645
-0.972573
-0.972693
-0.972705
-0.9727
-0.972146
-0.972577
-0.972306
-0.973331
-0.972624
-0.972345
-0.972634
-0.972584
-0.972596
-0.974656
-0.973438
-0.971828
-0.973084
-0.973617
-0.972015
-0.973381
-0.97282
-0.972807
-0.972976
-0.973312
-0.973011
-0.972522
-0.974181
-0.973498
-0.973968
-0.973377
-0.974396
-0.974259
-0.973336
-0.972897
-0.973181
-0.973304
-0.97277
-0.973642
-0.973954
-0.973702
-0.973614
-0.973613
-0.972142
-0.974671
-0.975607
-0.975106
-0.975483
-0.974912
-0.973537
-0.973751
-0.972333
-0.97234
-0.97239
-0.97207
-0.973789
-0.972671
-0.975633
-0.976719
-0.974271
-0.974553
-0.97379
-0.975631
-0.974422
-0.974776
-0.974864
-0.975636
-0.974064
-0.972489
-0.974103
-0.973978
-0.974112
-0.973973
-0.974866
-0.975377
-0.974425
-0.97463
-0.973791
-0.972723
-0.972486
-0.973828
-0.972761
-0.975168
-0.974385
-0.974264
-0.975232
-0.97347
-0.97408
-0.97247
-0.975686
-0.975186
-0.973757
-0.975135
-0.974242
-0.975871
-0.974912
-0.974977
-0.975683
-0.97396
-0.975467
-0.97426
-0.975134
-0.974284
-0.974333
-0.975177
-0.975128
-0.973927
-0.973562
-0.974866
-0.974262
-0.975208
-0.975203
-0.974586
-0.975342
-0.973459
-0.973228
-0.973625
-0.975149
-0.973679
-0.973741
-0.973696
-0.972391
-0.973597
-0.972603
-0.97252
-0.972383
-0.97303
-0.973441
-0.974042
-0.973767
-0.975138
-0.97371
-0.975061
-0.973852
-0.973602
-0.974639
-0.975507
-0.973703
-0.97416
-0.974062
-0.974331
-0.974357
-0.974283
-0.974315
-0.974273
-0.972146
-0.972541
-0.972012
-0.974257
-0.972728
-0.974265
-0.973738
-0.974007
-0.974023
-0.972756
-0.972321
-0.972214
-0.973706
-0.9737
-0.973674
-0.973743
-0.973683
-0.972383
-0.972163
-0.973501
-0.972579
-0.974512
-0.974825
-0.97402
-0.973684
-0.971914
-0.97208
-0.972119
-0.972886
-0.973305
-0.972923
-0.973617
-0.97208
-0.97237
-0.97354
-0.973133
-0.973295
-0.973048
-0.973621
-0.97299
-0.97208
-0.97482
-0.973956
-0.972071
-0.973011
-0.972261
-0.974955
-0.97402
-0.974551
-0.974458
-0.97383
-0.975828
-0.975263
-0.972671
-0.976163
-0.974141
-0.975561
-0.974802
-0.97582
-0.975742
-0.975091
-0.97422
-0.972707
-0.975225
-0.974486
-0.973946
-0.975486
-0.975612
-0.975614
-0.975223
-0.975166
-0.972153
-0.974148
-0.973958
-0.972225
-0.972185
-0.973089
-0.973228
-0.973052
-0.971864
-0.972276
-0.97244
-0.973708
-0.972928
-0.973671
-0.973433
-0.975278
-0.974105
-0.974946
-0.974338
-0.974967
-0.973709
-0.974063
-0.973444
-0.975528
-0.974562
-0.973485
-0.972625
-0.972093
-0.972934
-0.97249
-0.972813
-0.972808
-0.97238
-0.973923
-0.973172
-0.973381
-0.973255
-0.973879
-0.972182
-0.973928
-0.973333
-0.973483
-0.97356
-0.973748
-0.973155
-0.973758
-0.973605
-0.973655
-0.972944
-0.973896
-0.974979
-0.972255
-0.975413
-0.974348
-0.974812
-0.974034
-0.974765
-0.97447
-0.973962
-0.972009
-0.972481
-0.97362
-0.974202
-0.974983
-0.972515
-0.975444
-0.97379
-0.975531
-0.974809
-0.973447
-0.974288
-0.974611
-0.973525
-0.97364
-0.973482
-0.973778
-0.973939
-0.973664
-0.973974
-0.973413
-0.975096
-0.974303
-0.97511
-0.973654
-0.973223
-0.973937
-0.974259
-0.975448
-0.974573
-0.973742
-0.974454
-0.974471
-0.973273
-0.974906
-0.974342
-0.975197
-0.973535
-0.973063
-0.972852
-0.972331
-0.973907
-0.97359
-0.973888
-0.972053
-0.972193
-0.972042
-0.972519
-0.97194
-0.97194
-0.972097
-0.97194
-0.972935
-0.97193
-0.972781
-0.97198
-0.97285
-0.97198
-0.972019
-0.97481
-0.972193
-0.97194
-0.97198
-0.97384
-0.973655
-0.973317
-0.973606
-0.973767
-0.973913
-0.973868
-0.973699
-0.972329
-0.97449
-0.97367
-0.974303
-0.975284
-0.973937
-0.975374
-0.97512
-0.975234
-0.974519
-0.972007
-0.97348
-0.973351
-0.973874
-0.971941
-0.972057
-0.972365
-0.974948
-0.972293
-0.974503
-0.974981
-0.974511
-0.97225
-0.972233
-0.973464
-0.973481
-0.973535
-0.9756
-0.975429
-0.973092
-0.972498
-0.972376
-0.972535
-0.972595
-0.973083
-0.972417
-0.973926
-0.973556
-0.973606
-0.973697
-0.973594
-0.974758
-0.973253
-0.972831
-0.974452
-0.974355
-0.972298
-0.974068
-0.972786
-0.97251
-0.973016
-0.975703
-0.97476
-0.974091
-0.973663
-0.973946
-0.972568
-0.973084
-0.973046
-0.972669
-0.972328
-0.972638
-0.973142
-0.972494
-0.973957
-0.972574
-0.972134
-0.973018
-0.972876
-0.972387
-0.97246
-0.975095
-0.974151
-0.973932
-0.975294
-0.975455
-0.97559
-0.974244
-0.97366
-0.973952
-0.974203
-0.975011
-0.974459
-0.97582
-0.974757
-0.973887
-0.973764
-0.973113
-0.974882
-0.975243
-0.974631
-0.975719
-0.973983
-0.974869
-0.974346
-0.973571
-0.97452
-0.975163
-0.975321
-0.975005
-0.974629
-0.974843
-0.973704
-0.973773
-0.974026
-0.973111
-0.973022
-0.9752
-0.973885
-0.973352
-0.973155
-0.973517
-0.973914
-0.973984
-0.973301
-0.973311
-0.973732
-0.972588
-0.974232
-0.97417
-0.97454
-0.973657
-0.974133
-0.973686
-0.973064
-0.974427
-0.973586
-0.972161
-0.973942
-0.97227
-0.972277
-0.973919
-0.974335
-0.974314
-0.972368
-0.972277
-0.973887
-0.973802
-0.974269
-0.972313
-0.973454
-0.973559
-0.9743
-0.974142
-0.97416
-0.974319
-0.973699
-0.975078
-0.973883
-0.973749
-0.974459
-0.974044
-0.974082
-0.974335
-0.97476
-0.974852
-0.973922
-0.973691
-0.974132
-0.975535
-0.975651
-0.973869
-0.97387
-0.975052
-0.974814
-0.973426
-0.973326
-0.973536
-0.973764
-0.973784
-0.973693
-0.973184
-0.973933
-0.974043
-0.973088
-0.973808
-0.973692
-0.973252
-0.973981
-0.973507
-0.973737
-0.973701
-0.973796
-0.973668
-0.974185
-0.974937
-0.974967
-0.973622
-0.973636
-0.973262
-0.972708
-0.972932
-0.974414
-0.973162
-0.973212
-0.97478
-0.97585
-0.975165
-0.974959
-0.975414
-0.975379
-0.973804
-0.974968
-0.974126
-0.975409
-0.974099
-0.974036
-0.97552
-0.972398
-0.975684
-0.973995
-0.974576
-0.975114
-0.974671
-0.974327
-0.974228
-0.97495
-0.974347
-0.973284
-0.973746
-0.974246
-0.974197
-0.973627
-0.974194
-0.974163
-0.973894
-0.975809
-0.973765
-0.975129
-0.976077
-0.975038
-0.974969
-0.974147
-0.974431
-0.975475
-0.975137
-0.975235
-0.974386
-0.974872
-0.974717
-0.974337
-0.974209
-0.975269
-0.97398
-0.975331
-0.97499
-0.975319
-0.975225
-0.974167
-0.974048
-0.974171
-0.97444
-0.975989
-0.975728
-0.975785
-0.975114
-0.975554
-0.975426
-0.975502
-0.976
-0.976137
-0.976215
-0.976004
-0.97599
-0.975961
-0.975964
-0.974926
-0.975466
-0.974977
-0.973924
-0.97331
-0.973223
-0.973662
-0.973261
-0.973575
-0.973116
-0.973692
-0.973643
-0.973305
-0.973492
-0.973513
-0.975048
-0.975584
-0.973759
-0.97515
-0.975107
-0.97203
-0.974908
-0.972255
-0.975059
-0.974592
-0.975365
-0.974184
-0.974347
-0.974358
-0.973753
-0.97203
-0.975063
-0.974533
-0.974197
-0.974329
-0.974117
-0.974722
-0.97476
-0.974398
-0.974553
-0.974002
-0.974255
-0.97429
-0.974667
-0.974422
-0.974577
-0.975606
-0.975825
-0.974122
-0.975522
-0.973794
-0.974025
-0.973505
-0.973706
-0.973852
-0.974138
-0.973504
-0.97562
-0.973729
-0.974268
-0.97495
-0.975336
-0.973944
-0.974986
-0.976019
-0.974282
-0.975585
-0.975003
-0.97456
-0.973308
-0.973004
-0.972731
-0.972365
-0.972371
-0.973728
-0.973254
-0.973947
-0.97543
-0.974182
-0.974706
-0.976042
-0.975282
-0.972626
-0.975353
-0.974991
-0.97484
-0.97453
-0.974542
-0.972561
-0.975057
-0.975891
-0.975516
-0.974946
-0.97474
-0.975472
-0.974228
-0.974406
-0.974674
-0.974326
-0.97449
-0.974952
-0.972949
-0.972424
-0.972644
-0.972621
-0.972582
-0.973546
-0.972735
-0.973511
-0.973654
-0.973657
-0.972547
-0.973983
-0.972604
-0.972976
-0.97418
-0.973205
-0.974637
-0.973157
-0.974522
-0.973166
-0.974118
-0.975085
-0.975804
-0.974527
-0.972291
-0.974035
-0.974671
-0.972836
-0.972933
-0.974072
-0.974397
-0.974723
-0.974649
-0.974358
-0.974339
-0.975257
-0.973815
-0.975552
-0.975134
-0.97522
-0.974784
-0.975313
-0.974421
-0.97574
-0.974399
-0.975376
-0.976341
-0.975448
-0.975515
-0.975265
-0.976081
-0.975852
-0.975852
-0.976065
-0.974301
-0.975656
-0.974298
-0.975441
-0.974829
-0.972476
-0.974207
-0.974647
-0.972274
-0.973879
-0.97234
-0.973809
-0.973942
-0.973441
-0.97392
-0.974448
-0.974263
-0.974558
-0.974373
-0.974006
-0.973133
-0.97244
-0.974039
-0.974609
-0.973932
-0.97205
-0.974232
-0.973988
-0.972949
-0.973039
-0.973586
-0.973629
-0.97445
-0.973552
-0.973629
-0.97445
-0.974107
-0.974577
-0.974627
-0.974119
-0.974301
-0.976012
-0.973749
-0.974989
-0.975114
-0.973558
-0.97497
-0.975938
-0.975252
-0.973935
-0.973845
-0.974643
-0.974983
-0.97419
-0.974278
-0.976082
-0.975395
-0.976093
-0.973191
-0.974594
-0.975425
-0.973582
-0.974043
-0.972414
-0.975461
-0.975499
-0.973684
-0.975368
-0.974266
-0.975164
-0.974204
-0.974064
-0.974899
-0.975113
-0.974501
-0.974248
-0.975083
-0.975116
-0.973767
-0.97397
-0.974054
-0.973806
-0.973837
-0.974073
-0.975289
-0.973983
-0.974858
-0.972878
-0.974919
-0.973088
-0.974018
-0.974452
-0.973886
-0.974603
-0.975381
-0.975396
-0.974249
-0.974067
-0.975947
-0.974359
-0.974914
-0.974906
-0.974822
-0.975914
-0.975298
-0.974101
-0.97433
-0.973853
-0.974689
-0.975659
-0.975543
-0.974106
-0.97582
-0.973685
-0.974779
-0.974436
-0.972791
-0.972638
-0.973808
-0.972443
-0.973052
-0.972637
-0.972287
-0.972732
-0.973926
-0.974359
-0.974952
-0.975022
-0.974626
-0.974224
-0.974136
-0.97485
-0.975651
-0.974807
-0.975376
-0.975033
-0.975565
-0.974346
-0.975136
