-0.97434
-0.974305
-0.975024
-0.972129
-0.972128
-0.973174
-0.97444
-0.973328
-0.972122
-0.973139
-0.972945
-0.973426
-0.973532
-0.97215
-0.972769
-0.973361
-0.972265
-0.972134
-0.972139
-0.972198
-0.972169
-0.973087
-0.972897
-0.972147
-0.97248
-0.973136
-0.974104
-0.972443
-0.973128
-0.973047
-0.974526
-0.975166
-0.97384
-0.972406
-0.972513
-0.973728
-0.973449
-0.972951
-0.973457
-0.973201
-0.973161
-0.973886
-0.972951
-0.973181
-0.973639
-0.972343
-0.972801
-0.973733
-0.973056
-0.973553
-0.973533
-0.972094
-0.973632
-0.972995
-0.973715
-0.974363
-0.972025
-0.971887
-0.972438
-0.974239
-0.973848
-0.975047
-0.97237
-0.972873
-0.972423
-0.972366
-0.972593
-0.972333
-0.973227
-0.974938
-0.975192
-0.974656
-0.974314
-0.974618
-0.972039
-0.973839
-0.974504
-0.972914
-0.975061
-0.975226
-0.974775
-0.974089
-0.972733
-0.97329
-0.973146
-0.972032
-0.97434
-0.974011
-0.972823
-0.972414
-0.972525
-0.972202
-0.972447
-0.973268
-0.972461
-0.97239
-0.97251
-0.972521
-0.972513
-0.971954
-0.972394
-0.972127
-0.973167
-0.972426
-0.972162
-0.972447
-0.972393
-0.972409
-0.974487
-0.973264
-0.971647
-0.972904
-0.973406
-0.971834
-0.97315
-0.972666
-0.972573
-0.972793
-0.973186
-0.972831
-0.972341
-0.973959
-0.973308
-0.973768
-0.973252
-0.974227
-0.974121
-0.973157
-0.972722
-0.973001
-0.97312
-0.972592
-0.973415
-0.973832
-0.973574
-0.973389
-0.973433
-0.971963
-0.974575
-0.975379
-0.974962
-0.975284
-0.974757
-0.973391
-0.973666
-0.972269
-0.972231
-0.972266
-0.971954
-0.973659
-0.972576
-0.975414
-0.97642
-0.974116
-0.974363
-0.973634
-0.975468
-0.974278
-0.974521
-0.974666
-0.975471
-0.973942
-0.972469
-0.973917
-0.973762
-0.973993
-0.973753
-0.974676
-0.975145
-0.974204
-0.974419
-0.973583
-0.97254
-0.972299
-0.973643
-0.97258
-0.974938
-0.974142
-0.974073
-0.975037
-0.973275
-0.973953
-0.972283
-0.975461
-0.974949
-0.973572
-0.974928
-0.974006
-0.975642
-0.974692
-0.974723
-0.975474
-0.973789
-0.975256
-0.974005
-0.974958
-0.974098
-0.974159
-0.974989
-0.974974
-0.973708
-0.97338
-0.974682
-0.974144
-0.975095
-0.975053
-0.974476
-0.975092
-0.973253
-0.973042
-0.973404
-0.974967
-0.973433
-0.973485
-0.973529
-0.972196
-0.973455
-0.972428
-0.972334
-0.972209
-0.972886
-0.973275
-0.973884
-0.973623
-0.975002
-0.973528
-0.974911
-0.973704
-0.973468
-0.974483
-0.975279
-0.973456
-0.973912
-0.973872
-0.974095
-0.974101
-0.974066
-0.9741
-0.974053
-0.971963
-0.97235
-0.97183
-0.973979
-0.972509
-0.973992
-0.973563
-0.97385
-0.973847
-0.972549
-0.972134
-0.972014
-0.973559
-0.973532
-0.973521
-0.973584
-0.97352
-0.97221
-0.971937
-0.97325
-0.972384
-0.974348
-0.974632
-0.973854
-0.973435
-0.971706
-0.971868
-0.971909
-0.972777
-0.973131
-0.972719
-0.973467
-0.971868
-0.972197
-0.973366
-0.972946
-0.97313
-0.972876
-0.973512
-0.972803
-0.971868
-0.974668
-0.97375
-0.971863
-0.972809
-0.972021
-0.974801
-0.973854
-0.974447
-0.974329
-0.973629
-0.975708
-0.975049
-0.972484
-0.976006
-0.973945
-0.975299
-0.9746
-0.975631
-0.975559
-0.974891
-0.974005
-0.972513
-0.975141
-0.974262
-0.973847
-0.97532
-0.975419
-0.975343
-0.975076
-0.97496
-0.971974
-0.973998
-0.973695
-0.972035
-0.972036
-0.972879
-0.97302
-0.972858
-0.971663
-0.972085
-0.972249
-0.973488
-0.972748
-0.973436
-0.973141
-0.975135
-0.973914
-0.97479
-0.974124
-0.974742
-0.973498
-0.973873
-0.973241
-0.975336
-0.974361
-0.973277
-0.972442
-0.97191
-0.972775
-0.972311
-0.972646
-0.972594
-0.972194
-0.973701
-0.97299
-0.973159
-0.973071
-0.973666
-0.972001
-0.973728
-0.973152
-0.973321
-0.973374
-0.973565
-0.972971
-0.97354
-0.973423
-0.973471
-0.972763
-0.9737
-0.974873
-0.972013
-0.975146
-0.974207
-0.97463
-0.973877
-0.974595
-0.974366
-0.973822
-0.971788
-0.972272
-0.973471
-0.973953
-0.974794
-0.972331
-0.975296
-0.973607
-0.975269
-0.974596
-0.97332
-0.974096
-0.974453
-0.973324
-0.973412
-0.973291
-0.973593
-0.973721
-0.973502
-0.973777
-0.97323
-0.974954
-0.974032
-0.974987
-0.973428
-0.973052
-0.973756
-0.974083
-0.975281
-0.974388
-0.973496
-0.974255
-0.974209
-0.973069
-0.974692
-0.974162
-0.975068
-0.973291
-0.97282
-0.972607
-0.97213
-0.973699
-0.973334
-0.973643
-0.971877
-0.972006
-0.971877
-0.972335
-0.971759
-0.971759
-0.971904
-0.971759
-0.972728
-0.971751
-0.972564
-0.971798
-0.972632
-0.971798
-0.971856
-0.974612
-0.972006
-0.971759
-0.971798
-0.973561
-0.973509
-0.973132
-0.973408
-0.973517
-0.973717
-0.973668
-0.973561
-0.972081
-0.974339
-0.973422
-0.974107
-0.975085
-0.973648
-0.975187
-0.974955
-0.975149
-0.974312
-0.971803
-0.973285
-0.973195
-0.973661
-0.971745
-0.971856
-0.972165
-0.974757
-0.972095
-0.974392
-0.974887
-0.974298
-0.971987
-0.972049
-0.973256
-0.973268
-0.973327
-0.975443
-0.975276
-0.972887
-0.972279
-0.972188
-0.972314
-0.972354
-0.972874
-0.972194
-0.973793
-0.973467
-0.97354
-0.973628
-0.973374
-0.974584
-0.973097
-0.972683
-0.97428
-0.97416
-0.972095
-0.973867
-0.972605
-0.972329
-0.972825
-0.975489
-0.974524
-0.973903
-0.973441
-0.973757
-0.972365
-0.972909
-0.972834
-0.972481
-0.97207
-0.972432
-0.97295
-0.972304
-0.973726
-0.972359
-0.971918
-0.972819
-0.972685
-0.972204
-0.972274
-0.974855
-0.973979
-0.973717
-0.975042
-0.975253
-0.975391
-0.974041
-0.973472
-0.973733
-0.973974
-0.974855
-0.974237
-0.975607
-0.974529
-0.973668
-0.973572
-0.972954
-0.974668
-0.974952
-0.974427
-0.975541
-0.973734
-0.97471
-0.974112
-0.973377
-0.97411
-0.975008
-0.975069
-0.974764
-0.974368
-0.974685
-0.973407
-0.973525
-0.973854
-0.972978
-0.972835
-0.974977
-0.9737
-0.973131
-0.972956
-0.973314
-0.9737
-0.973743
-0.973175
-0.973081
-0.973547
-0.972439
-0.974043
-0.973984
-0.974282
-0.973508
-0.974012
-0.973476
-0.972912
-0.974246
-0.973364
-0.971977
-0.973701
-0.97209
-0.972096
-0.973666
-0.97415
-0.974127
-0.97216
-0.972096
-0.973701
-0.973599
-0.974067
-0.972131
-0.973272
-0.973432
-0.974115
-0.973956
-0.973976
-0.974132
-0.973506
-0.974912
-0.973657
-0.973556
-0.974148
-0.973822
-0.973914
-0.974112
-0.974589
-0.97465
-0.973737
-0.973494
-0.974003
-0.975311
-0.975412
-0.973629
-0.973615
-0.974867
-0.974587
-0.973241
-0.973247
-0.973395
-0.973484
-0.973651
-0.973514
-0.972996
-0.973649
-0.973843
-0.972883
-0.973626
-0.973531
-0.973073
-0.973699
-0.973277
-0.973588
-0.973528
-0.973675
-0.973437
-0.973958
-0.974828
-0.974679
-0.973527
-0.97345
-0.973001
-0.972514
-0.97278
-0.974112
-0.972944
-0.973041
-0.974568
-0.975679
-0.974953
-0.974775
-0.975089
-0.975205
-0.973701
-0.974783
-0.973963
-0.975158
-0.973899
-0.973885
-0.975325
-0.972169
-0.975491
-0.973719
-0.974377
-0.974879
-0.97444
-0.974148
-0.974124
-0.974778
-0.974165
-0.973095
-0.973532
-0.974078
-0.973984
-0.973437
-0.974033
-0.973977
-0.973625
-0.975625
-0.973584
-0.975011
-0.975917
-0.974839
-0.974822
-0.973912
-0.974344
-0.975288
-0.974967
-0.975137
-0.974185
-0.974724
-0.974593
-0.974118
-0.974101
-0.975219
-0.973796
-0.975136
-0.974904
-0.975164
-0.975132
-0.973971
-0.973901
-0.974043
-0.974307
-0.975826
-0.975582
-0.975593
-0.974844
-0.97535
-0.975234
-0.975312
-0.975744
-0.975916
-0.975949
-0.975796
-0.975805
-0.975738
-0.975794
-0.974598
-0.975258
-0.974804
-0.9738
-0.973122
-0.973057
-0.973466
-0.973125
-0.973344
-0.972952
-0.973479
-0.973523
-0.973266
-0.97334
-0.973313
-0.974828
-0.975344
-0.973638
-0.974952
-0.974898
-0.971846
-0.974699
-0.972034
-0.974933
-0.974414
-0.975212
-0.973968
-0.974175
-0.974185
-0.973578
-0.971846
-0.974854
-0.974289
-0.974001
-0.974139
-0.973902
-0.974502
-0.974565
-0.974207
-0.97434
-0.973802
-0.974141
-0.974142
-0.974474
-0.974226
-0.974306
-0.975398
-0.975592
-0.973976
-0.975318
-0.973661
-0.97389
-0.973377
-0.973532
-0.973749
-0.97398
-0.973401
-0.975471
-0.973546
-0.974176
-0.974777
-0.975191
-0.973755
-0.974814
-0.975818
-0.97407
-0.975465
-0.974812
-0.974291
-0.973081
-0.972749
-0.972568
-0.972176
-0.972084
-0.9735
-0.973011
-0.973705
-0.97523
-0.973932
-0.974539
-0.975842
-0.97513
-0.97244
-0.975196
-0.974831
-0.974663
-0.974238
-0.974306
-0.972354
-0.974834
-0.97567
-0.975184
-0.974647
-0.974615
-0.975232
-0.974056
-0.974236
-0.974452
-0.97416
-0.974294
-0.97486
-0.97275
-0.972262
-0.972429
-0.972407
-0.972429
-0.973377
-0.97254
-0.973463
-0.973599
-0.973577
-0.972383
-0.973826
-0.972436
-0.972809
-0.973985
-0.973005
-0.974516
-0.973005
-0.974453
-0.972947
-0.973997
-0.974916
-0.975602
-0.974323
-0.972172
-0.973839
-0.974379
-0.972633
-0.972762
-0.973905
-0.974103
-0.974584
-0.974408
-0.974176
-0.974111
-0.975016
-0.973577
-0.975304
-0.974937
-0.974999
-0.974589
-0.97511
-0.974132
-0.975568
-0.974158
-0.975134
-0.976105
-0.975156
-0.975349
-0.975021
-0.975875
-0.975622
-0.975622
-0.975873
-0.974101
-0.975551
-0.974087
-0.975288
-0.974674
-0.972259
-0.974041
-0.974461
-0.972087
-0.973749
-0.972158
-0.97369
-0.973753
-0.973263
-0.973732
-0.974232
-0.974113
-0.974386
-0.974063
-0.973808
-0.973068
-0.972279
-0.973812
-0.974423
-0.973685
-0.971845
-0.974007
-0.973836
-0.972724
-0.972851
-0.973431
-0.973385
-0.974185
-0.973365
-0.973385
-0.974185
-0.973803
-0.974422
-0.974514
-0.973956
-0.97411
-0.97572
-0.973607
-0.974749
-0.974937
-0.973375
-0.974736
-0.975668
-0.975007
-0.973707
-0.973663
-0.974432
-0.97474
-0.974006
-0.973986
-0.975917
-0.975196
-0.97591
-0.972991
-0.974372
-0.975148
-0.973404
-0.973866
-0.972213
-0.975199
-0.975262
-0.973525
-0.975164
-0.974071
-0.974878
-0.974062
-0.973876
-0.97473
-0.974982
-0.9743
-0.974073
-0.974884
-0.97492
-0.973584
-0.973809
-0.973941
-0.973608
-0.973645
-0.973883
-0.975125
-0.973833
-0.974642
-0.972729
-0.974692
-0.972909
-0.973846
-0.974353
-0.973668
-0.974438
-0.975102
-0.975224
-0.974046
-0.973883
-0.975681
-0.974165
-0.974749
-0.974712
-0.974644
-0.975702
-0.975059
-0.973933
-0.974057
-0.973702
-0.974497
-0.975471
-0.975333
-0.973918
-0.975638
-0.973489
-0.974542
-0.974147
-0.972572
-0.972383
-0.973646
-0.972252
-0.972845
-0.972437
-0.972256
-0.972528
-0.9738
-0.97412
-0.974721
-0.974778
-0.974429
-0.974009
-0.97387
-0.974682
-0.975414
-0.974587
-0.975186
-0.974822
-0.975365
-0.974138
-0.974968
