-0.982534
-0.982318
-0.983313
-0.980759
-0.980787
-0.981432
-0.982588
-0.981408
-0.980806
-0.981318
-0.981241
-0.981763
-0.981916
-0.980771
-0.981071
-0.981429
-0.980557
-0.980759
-0.980735
-0.980508
-0.98104
-0.981637
-0.981245
-0.98073
-0.98089
-0.981419
-0.982387
-0.980828
-0.981456
-0.981287
-0.982828
-0.983526
-0.982197
-0.980709
-0.980785
-0.981874
-0.981887
-0.981248
-0.981875
-0.981648
-0.981427
-0.982238
-0.981323
-0.981405
-0.981901
-0.980876
-0.981238
-0.981979
-0.981589
-0.981855
-0.981903
-0.980436
-0.981922
-0.981447
-0.982097
-0.982822
-0.980384
-0.980068
-0.980641
-0.982646
-0.982253
-0.983227
-0.98084
-0.981281
-0.98058
-0.980549
-0.980907
-0.980671
-0.981437
-0.98312
-0.983556
-0.983119
-0.982654
-0.982709
-0.980717
-0.981995
-0.982834
-0.981162
-0.983341
-0.983503
-0.982801
-0.982182
-0.980978
-0.981382
-0.981486
-0.98059
-0.982326
-0.981957
-0.981068
-0.980726
-0.980709
-0.980532
-0.980714
-0.981379
-0.980645
-0.980537
-0.980647
-0.980534
-0.980687
-0.980417
-0.980537
-0.980213
-0.981368
-0.98061
-0.980553
-0.98066
-0.980534
-0.980668
-0.98302
-0.981534
-0.980114
-0.981239
-0.981612
-0.980499
-0.981494
-0.981181
-0.981106
-0.981242
-0.981474
-0.981137
-0.980552
-0.982288
-0.981517
-0.982113
-0.981562
-0.982549
-0.982278
-0.98142
-0.981134
-0.981281
-0.981479
-0.980934
-0.981913
-0.982163
-0.9817
-0.981735
-0.981907
-0.980282
-0.98263
-0.983422
-0.983414
-0.983387
-0.982723
-0.981306
-0.981796
-0.980412
-0.980546
-0.980475
-0.980396
-0.981759
-0.980711
-0.983623
-0.984485
-0.982253
-0.982245
-0.981621
-0.983521
-0.982226
-0.982659
-0.983144
-0.983368
-0.981702
-0.980881
-0.982108
-0.981938
-0.982398
-0.981829
-0.982881
-0.983458
-0.982257
-0.982653
-0.981811
-0.980741
-0.980604
-0.98176
-0.980958
-0.98304
-0.982436
-0.982261
-0.983183
-0.981375
-0.982115
-0.980548
-0.983606
-0.982804
-0.981712
-0.983019
-0.982085
-0.984027
-0.982938
-0.982645
-0.983608
-0.981933
-0.983491
-0.982282
-0.983172
-0.982208
-0.982299
-0.983102
-0.983076
-0.98174
-0.981575
-0.982797
-0.982429
-0.983401
-0.983233
-0.982663
-0.983451
-0.981471
-0.981439
-0.981561
-0.983118
-0.98182
-0.981852
-0.981625
-0.980321
-0.981471
-0.980673
-0.980742
-0.980686
-0.98111
-0.981354
-0.981785
-0.98184
-0.983262
-0.981581
-0.983373
-0.982208
-0.981624
-0.982881
-0.983475
-0.981482
-0.981934
-0.981825
-0.982096
-0.982182
-0.982089
-0.982168
-0.982106
-0.98028
-0.980591
-0.980326
-0.982023
-0.980746
-0.981925
-0.981581
-0.98192
-0.982023
-0.980678
-0.980552
-0.980546
-0.981632
-0.981501
-0.981448
-0.981601
-0.981509
-0.980411
-0.980425
-0.981397
-0.980692
-0.982592
-0.982963
-0.982142
-0.98148
-0.98002
-0.979935
-0.979943
-0.981009
-0.981299
-0.980884
-0.981427
-0.97999
-0.980467
-0.981265
-0.981148
-0.981224
-0.98103
-0.981407
-0.980869
-0.979945
-0.982456
-0.98199
-0.979938
-0.980833
-0.98034
-0.982875
-0.982142
-0.982539
-0.982613
-0.981746
-0.983856
-0.983378
-0.980854
-0.984015
-0.982199
-0.983221
-0.982593
-0.983599
-0.98352
-0.982921
-0.982246
-0.980784
-0.983177
-0.982382
-0.982
-0.983497
-0.983516
-0.983755
-0.983057
-0.983146
-0.980084
-0.982185
-0.981878
-0.980355
-0.980456
-0.981067
-0.981263
-0.981061
-0.98005
-0.980477
-0.980453
-0.981735
-0.981187
-0.981542
-0.981303
-0.983269
-0.981947
-0.983029
-0.982222
-0.982959
-0.981954
-0.981946
-0.981613
-0.98366
-0.982731
-0.981553
-0.981057
-0.980575
-0.981077
-0.980867
-0.981157
-0.980923
-0.980542
-0.982029
-0.981261
-0.981642
-0.981642
-0.981841
-0.980228
-0.982127
-0.98134
-0.981576
-0.981624
-0.981947
-0.981422
-0.981866
-0.981606
-0.981779
-0.981293
-0.98175
-0.98312
-0.980252
-0.983602
-0.982114
-0.98322
-0.982064
-0.982954
-0.982684
-0.981878
-0.980079
-0.980399
-0.981566
-0.982055
-0.983048
-0.980654
-0.983534
-0.981552
-0.983539
-0.98275
-0.981884
-0.982204
-0.982561
-0.981662
-0.981805
-0.981425
-0.981844
-0.9821
-0.981701
-0.982096
-0.981446
-0.982725
-0.982243
-0.983358
-0.98169
-0.981326
-0.982054
-0.982366
-0.983126
-0.982608
-0.981865
-0.982483
-0.982691
-0.981101
-0.982448
-0.982387
-0.98324
-0.981573
-0.981016
-0.980803
-0.980584
-0.981825
-0.981657
-0.981816
-0.980232
-0.980535
-0.980316
-0.980598
-0.980265
-0.980265
-0.980363
-0.980265
-0.980852
-0.98018
-0.981045
-0.980398
-0.980928
-0.980398
-0.980178
-0.982526
-0.980535
-0.980265
-0.980194
-0.981681
-0.981616
-0.981173
-0.981483
-0.981614
-0.981785
-0.981827
-0.981551
-0.980404
-0.982265
-0.981532
-0.982248
-0.983029
-0.981833
-0.983157
-0.982904
-0.983298
-0.982232
-0.980135
-0.981142
-0.98121
-0.981832
-0.980027
-0.98018
-0.980453
-0.982795
-0.980311
-0.98245
-0.983031
-0.982494
-0.980491
-0.98057
-0.981539
-0.981524
-0.98154
-0.983788
-0.983549
-0.981168
-0.980688
-0.980562
-0.980586
-0.980733
-0.98106
-0.980483
-0.981765
-0.981589
-0.981533
-0.98165
-0.981392
-0.982689
-0.981144
-0.981099
-0.982271
-0.982179
-0.980326
-0.981951
-0.980947
-0.980699
-0.981108
-0.983814
-0.982715
-0.98213
-0.981613
-0.981901
-0.980623
-0.981134
-0.981098
-0.980735
-0.980372
-0.980516
-0.98106
-0.980528
-0.981883
-0.980807
-0.980266
-0.980966
-0.980929
-0.98057
-0.980751
-0.983071
-0.982092
-0.982105
-0.983326
-0.983521
-0.983583
-0.982185
-0.981527
-0.982023
-0.982201
-0.98318
-0.982482
-0.983686
-0.982858
-0.98196
-0.981805
-0.981257
-0.982994
-0.983038
-0.982624
-0.983441
-0.981963
-0.982871
-0.982551
-0.981572
-0.982428
-0.983197
-0.983091
-0.983083
-0.982796
-0.982733
-0.981968
-0.981632
-0.981994
-0.981333
-0.981212
-0.983055
-0.981794
-0.981554
-0.981271
-0.981511
-0.981949
-0.982111
-0.981392
-0.981187
-0.981678
-0.980646
-0.982366
-0.98202
-0.982316
-0.981614
-0.981933
-0.98154
-0.980957
-0.982053
-0.981516
-0.980331
-0.981795
-0.98044
-0.980345
-0.981713
-0.98221
-0.982106
-0.980396
-0.980345
-0.981846
-0.981639
-0.982285
-0.980316
-0.981422
-0.981475
-0.982068
-0.981944
-0.98202
-0.982135
-0.98183
-0.982828
-0.981903
-0.981805
-0.98263
-0.982447
-0.982197
-0.982284
-0.982825
-0.982758
-0.981863
-0.981722
-0.982183
-0.983395
-0.983602
-0.981878
-0.981685
-0.982975
-0.982849
-0.981402
-0.981338
-0.981594
-0.98157
-0.981707
-0.981664
-0.981242
-0.981985
-0.981964
-0.981154
-0.981757
-0.9817
-0.981209
-0.981857
-0.981393
-0.981792
-0.981688
-0.981806
-0.981693
-0.982344
-0.982657
-0.983188
-0.981703
-0.981799
-0.981358
-0.980956
-0.981006
-0.982354
-0.981217
-0.98126
-0.982961
-0.983792
-0.983085
-0.982984
-0.983534
-0.983226
-0.981875
-0.982939
-0.982073
-0.983361
-0.981832
-0.981986
-0.983825
-0.98035
-0.983641
-0.981948
-0.982557
-0.983088
-0.982613
-0.982258
-0.982324
-0.982821
-0.982337
-0.98119
-0.981498
-0.982019
-0.982053
-0.981743
-0.982181
-0.981893
-0.981783
-0.983815
-0.981422
-0.982936
-0.984003
-0.982725
-0.982972
-0.982309
-0.982346
-0.983461
-0.983147
-0.983375
-0.982311
-0.982987
-0.982647
-0.982352
-0.982153
-0.983575
-0.98198
-0.983418
-0.982852
-0.983086
-0.983244
-0.982231
-0.982017
-0.982248
-0.982508
-0.983976
-0.983549
-0.983658
-0.982894
-0.983484
-0.98325
-0.983243
-0.983989
-0.983804
-0.983849
-0.983732
-0.983809
-0.983596
-0.983635
-0.982767
-0.983296
-0.98282
-0.981538
-0.981192
-0.981007
-0.981522
-0.9812
-0.981481
-0.981021
-0.981533
-0.981535
-0.981402
-0.981361
-0.981493
-0.982739
-0.98342
-0.981575
-0.982947
-0.983098
-0.980147
-0.982867
-0.980167
-0.983218
-0.982464
-0.98337
-0.982114
-0.982353
-0.982485
-0.98182
-0.980147
-0.983185
-0.982612
-0.982333
-0.982484
-0.982137
-0.98266
-0.982611
-0.982363
-0.982463
-0.982119
-0.982391
-0.982436
-0.982552
-0.982393
-0.98256
-0.983563
-0.983778
-0.98215
-0.983597
-0.981813
-0.982022
-0.981569
-0.981681
-0.981963
-0.982156
-0.981545
-0.983635
-0.981474
-0.982367
-0.983052
-0.983608
-0.982235
-0.982969
-0.98401
-0.982122
-0.983587
-0.982891
-0.982295
-0.98126
-0.981041
-0.980685
-0.980498
-0.980426
-0.981596
-0.981013
-0.981755
-0.98328
-0.982133
-0.982696
-0.983982
-0.983172
-0.98077
-0.983061
-0.982982
-0.982706
-0.982633
-0.982321
-0.980525
-0.98291
-0.983783
-0.983423
-0.982947
-0.982927
-0.983695
-0.982352
-0.982197
-0.982708
-0.982297
-0.98224
-0.983063
-0.980991
-0.980778
-0.980789
-0.980688
-0.980848
-0.981525
-0.980689
-0.981552
-0.981597
-0.981671
-0.980824
-0.982101
-0.980872
-0.981169
-0.982057
-0.981452
-0.982705
-0.981346
-0.982617
-0.981307
-0.982311
-0.982957
-0.983858
-0.982283
-0.980567
-0.981785
-0.982624
-0.980898
-0.981203
-0.982064
-0.982104
-0.982737
-0.982718
-0.982283
-0.982284
-0.983355
-0.981646
-0.983453
-0.983032
-0.983221
-0.98288
-0.983162
-0.98246
-0.983669
-0.982176
-0.983572
-0.983988
-0.983806
-0.983604
-0.983184
-0.984075
-0.983812
-0.983812
-0.983924
-0.982146
-0.983428
-0.982224
-0.983329
-0.982849
-0.980539
-0.98241
-0.982704
-0.980366
-0.982066
-0.980547
-0.981831
-0.982025
-0.98161
-0.981863
-0.982439
-0.982424
-0.982777
-0.982361
-0.982147
-0.981313
-0.980662
-0.982173
-0.982546
-0.981765
-0.980222
-0.982107
-0.98211
-0.981031
-0.981101
-0.981348
-0.981437
-0.982424
-0.981598
-0.981437
-0.982424
-0.981932
-0.982732
-0.982443
-0.982144
-0.98207
-0.983938
-0.982009
-0.983052
-0.983009
-0.981636
-0.982894
-0.983699
-0.983214
-0.982052
-0.98183
-0.982439
-0.982928
-0.982326
-0.982433
-0.984022
-0.983562
-0.98415
-0.981281
-0.982395
-0.983353
-0.981718
-0.982047
-0.980529
-0.983653
-0.983506
-0.981775
-0.983332
-0.982223
-0.983079
-0.982328
-0.981967
-0.982939
-0.983267
-0.982522
-0.982199
-0.983263
-0.983211
-0.981646
-0.982026
-0.98194
-0.98171
-0.981847
-0.982144
-0.983267
-0.982082
-0.983107
-0.980957
-0.982749
-0.981041
-0.98187
-0.98227
-0.981911
-0.982646
-0.983153
-0.983215
-0.982235
-0.982137
-0.98365
-0.982308
-0.982814
-0.982925
-0.982712
-0.9835
-0.983075
-0.982168
-0.982195
-0.982122
-0.982637
-0.983686
-0.983393
-0.981882
-0.983867
-0.981452
-0.982968
-0.982477
-0.980705
-0.980801
-0.981922
-0.980601
-0.981341
-0.980582
-0.980594
-0.980991
-0.982034
-0.982046
-0.983144
-0.982788
-0.982646
-0.98202
-0.981844
-0.982911
-0.983734
-0.982854
-0.983478
-0.982958
-0.98375
-0.98234
-0.983199
