-0.945258
-0.944771
-0.947146
-0.941204
-0.940672
-0.943038
-0.945355
-0.942568
-0.941345
-0.942528
-0.94248
-0.943313
-0.943458
-0.940693
-0.942084
-0.942723
-0.940811
-0.940672
-0.940606
-0.940645
-0.941337
-0.942784
-0.942063
-0.940729
-0.941475
-0.942766
-0.944842
-0.941368
-0.942422
-0.942459
-0.9457
-0.947567
-0.944449
-0.941284
-0.941431
-0.944402
-0.943646
-0.942496
-0.943862
-0.943374
-0.943134
-0.944392
-0.94262
-0.943156
-0.943802
-0.941638
-0.942493
-0.944156
-0.943416
-0.944025
-0.943663
-0.940346
-0.943741
-0.942609
-0.944156
-0.945771
-0.940714
-0.940215
-0.941097
-0.945546
-0.944764
-0.947295
-0.941289
-0.942372
-0.941184
-0.941139
-0.941971
-0.941245
-0.942682
-0.94653
-0.947898
-0.946367
-0.94553
-0.946094
-0.940816
-0.944084
-0.946028
-0.942047
-0.946962
-0.947772
-0.945842
-0.944853
-0.942087
-0.942934
-0.942726
-0.940934
-0.94508
-0.944276
-0.942009
-0.941094
-0.941533
-0.941175
-0.941402
-0.942984
-0.941218
-0.941056
-0.941384
-0.941118
-0.941372
-0.940734
-0.941056
-0.940212
-0.942721
-0.94119
-0.940975
-0.941392
-0.940914
-0.941365
-0.946927
-0.942735
-0.939811
-0.94226
-0.943151
-0.940354
-0.942769
-0.941981
-0.941845
-0.9422
-0.942747
-0.942194
-0.941124
-0.944591
-0.942694
-0.94439
-0.942985
-0.94551
-0.94538
-0.942629
-0.941747
-0.942187
-0.942858
-0.941344
-0.943912
-0.944201
-0.943529
-0.943296
-0.943746
-0.940375
-0.945599
-0.947744
-0.947453
-0.947591
-0.946005
-0.942744
-0.943708
-0.940319
-0.940302
-0.940645
-0.939915
-0.943846
-0.941215
-0.948103
-0.950375
-0.944805
-0.945136
-0.943426
-0.947798
-0.944661
-0.945675
-0.946253
-0.947747
-0.943774
-0.941357
-0.944922
-0.943991
-0.944985
-0.943863
-0.946402
-0.947546
-0.945004
-0.94598
-0.944269
-0.94133
-0.940998
-0.943605
-0.941625
-0.946668
-0.945171
-0.944776
-0.946923
-0.942721
-0.944391
-0.94117
-0.948329
-0.946891
-0.943352
-0.946738
-0.94441
-0.94941
-0.946429
-0.946201
-0.947807
-0.943832
-0.947677
-0.944834
-0.946769
-0.944775
-0.944649
-0.946671
-0.946887
-0.943995
-0.942846
-0.946
-0.945679
-0.947387
-0.947229
-0.945863
-0.947827
-0.942882
-0.942862
-0.94314
-0.947286
-0.943575
-0.943995
-0.943515
-0.940781
-0.943354
-0.94174
-0.941528
-0.941503
-0.942301
-0.94316
-0.943962
-0.943862
-0.947042
-0.943451
-0.947569
-0.944337
-0.943666
-0.946178
-0.947586
-0.942916
-0.9443
-0.944198
-0.94426
-0.944677
-0.944561
-0.944661
-0.944809
-0.940204
-0.940971
-0.940391
-0.944595
-0.941662
-0.94436
-0.943489
-0.944098
-0.944149
-0.941261
-0.941092
-0.940816
-0.943483
-0.943225
-0.942967
-0.94353
-0.943418
-0.940687
-0.940472
-0.942989
-0.941183
-0.945355
-0.946316
-0.944541
-0.94345
-0.939896
-0.940046
-0.940164
-0.942051
-0.942889
-0.941697
-0.943369
-0.940154
-0.940622
-0.943113
-0.942301
-0.942872
-0.942012
-0.94301
-0.942093
-0.940066
-0.945786
-0.9435
-0.940087
-0.941732
-0.940519
-0.946815
-0.944541
-0.945174
-0.945772
-0.943462
-0.948566
-0.947468
-0.941297
-0.949238
-0.944571
-0.947721
-0.945623
-0.948654
-0.947688
-0.946469
-0.944723
-0.941675
-0.947102
-0.945167
-0.944005
-0.947871
-0.947758
-0.948804
-0.947229
-0.946778
-0.940145
-0.944367
-0.944195
-0.940093
-0.940267
-0.941996
-0.942468
-0.942308
-0.939839
-0.940856
-0.940927
-0.94368
-0.942242
-0.94324
-0.942391
-0.947354
-0.94394
-0.946356
-0.944878
-0.946178
-0.943518
-0.943859
-0.943484
-0.947762
-0.945876
-0.942969
-0.941926
-0.941016
-0.942098
-0.941286
-0.942081
-0.941861
-0.940913
-0.944034
-0.942428
-0.943333
-0.943238
-0.943842
-0.9403
-0.943947
-0.942734
-0.943083
-0.94331
-0.94393
-0.943095
-0.943701
-0.942908
-0.943671
-0.942504
-0.943926
-0.947064
-0.940085
-0.948487
-0.944859
-0.946892
-0.944135
-0.94616
-0.945718
-0.944456
-0.939925
-0.940795
-0.943514
-0.944432
-0.946448
-0.941093
-0.94796
-0.942967
-0.947982
-0.946414
-0.943862
-0.945183
-0.945924
-0.943501
-0.943845
-0.942949
-0.943703
-0.944324
-0.943535
-0.944528
-0.943064
-0.946131
-0.94483
-0.947039
-0.943467
-0.94271
-0.944373
-0.945525
-0.947174
-0.945807
-0.943565
-0.94588
-0.94641
-0.942326
-0.945936
-0.945315
-0.947078
-0.943662
-0.941961
-0.94126
-0.941089
-0.943862
-0.943441
-0.943831
-0.939567
-0.940249
-0.939833
-0.940609
-0.939719
-0.939719
-0.94001
-0.939719
-0.941632
-0.939502
-0.941591
-0.940324
-0.941535
-0.940324
-0.939503
-0.94578
-0.940249
-0.939719
-0.939821
-0.943428
-0.94303
-0.942059
-0.942762
-0.943427
-0.943469
-0.943628
-0.942953
-0.940571
-0.944516
-0.942945
-0.944827
-0.946949
-0.943958
-0.947405
-0.946787
-0.946726
-0.944786
-0.939978
-0.942306
-0.942639
-0.943702
-0.939612
-0.940129
-0.940714
-0.946054
-0.940619
-0.945072
-0.946781
-0.945261
-0.940949
-0.940883
-0.942925
-0.94314
-0.943156
-0.94832
-0.948007
-0.94211
-0.941144
-0.940664
-0.94105
-0.941318
-0.9421
-0.940575
-0.943534
-0.943076
-0.943021
-0.94317
-0.942827
-0.946256
-0.942099
-0.942028
-0.944609
-0.944575
-0.940859
-0.944504
-0.941718
-0.941122
-0.942043
-0.948481
-0.945867
-0.944651
-0.943249
-0.943768
-0.941181
-0.942284
-0.94216
-0.94103
-0.940015
-0.94089
-0.942156
-0.940922
-0.944009
-0.941364
-0.939798
-0.941647
-0.941696
-0.940773
-0.94117
-0.946684
-0.944338
-0.944488
-0.947447
-0.948128
-0.948231
-0.944466
-0.943109
-0.944059
-0.944687
-0.947004
-0.945946
-0.949045
-0.946274
-0.944593
-0.943906
-0.942387
-0.946284
-0.946814
-0.945642
-0.947764
-0.94402
-0.946043
-0.945021
-0.943071
-0.944901
-0.947036
-0.947495
-0.946422
-0.945675
-0.946009
-0.943474
-0.943102
-0.943817
-0.942855
-0.942117
-0.94654
-0.94348
-0.94283
-0.942145
-0.942897
-0.943733
-0.943792
-0.94291
-0.942065
-0.943712
-0.940896
-0.944821
-0.944349
-0.944686
-0.943383
-0.944016
-0.943142
-0.941956
-0.94424
-0.943203
-0.940573
-0.943718
-0.940473
-0.940631
-0.943747
-0.944941
-0.944639
-0.940326
-0.940631
-0.943693
-0.943276
-0.944811
-0.940684
-0.942834
-0.942848
-0.944461
-0.944134
-0.944505
-0.944914
-0.943741
-0.946624
-0.943702
-0.943924
-0.945128
-0.944366
-0.944466
-0.944979
-0.94609
-0.946326
-0.944156
-0.943325
-0.944817
-0.947711
-0.948376
-0.943864
-0.943545
-0.946628
-0.945876
-0.942536
-0.94249
-0.942935
-0.943062
-0.943558
-0.943409
-0.942369
-0.944316
-0.943586
-0.942219
-0.943421
-0.943478
-0.942293
-0.943794
-0.942837
-0.94371
-0.94372
-0.943408
-0.943217
-0.944571
-0.945799
-0.946591
-0.942969
-0.943866
-0.942818
-0.941283
-0.94167
-0.944715
-0.942401
-0.942553
-0.945973
-0.948748
-0.946898
-0.946356
-0.947654
-0.94734
-0.943932
-0.946644
-0.944472
-0.947924
-0.94409
-0.944224
-0.948585
-0.940672
-0.948622
-0.943855
-0.945455
-0.946927
-0.945707
-0.945191
-0.944904
-0.946187
-0.945154
-0.943009
-0.943588
-0.94462
-0.944504
-0.943519
-0.944688
-0.944405
-0.943929
-0.948682
-0.943229
-0.946453
-0.949389
-0.946126
-0.946354
-0.944635
-0.945359
-0.947816
-0.946668
-0.947227
-0.944984
-0.946355
-0.946101
-0.944678
-0.944303
-0.947617
-0.943874
-0.947521
-0.946267
-0.946915
-0.946927
-0.944722
-0.943975
-0.944226
-0.945
-0.948513
-0.947747
-0.947971
-0.94647
-0.94757
-0.947536
-0.947195
-0.948586
-0.94853
-0.948934
-0.948532
-0.948946
-0.948118
-0.948217
-0.945839
-0.947297
-0.94573
-0.943366
-0.94246
-0.942055
-0.943269
-0.94213
-0.943367
-0.941857
-0.942947
-0.943213
-0.942964
-0.942931
-0.943135
-0.945991
-0.947605
-0.943272
-0.946974
-0.946749
-0.939895
-0.946891
-0.940488
-0.947268
-0.945674
-0.947761
-0.94482
-0.945193
-0.945289
-0.943702
-0.939895
-0.947229
-0.945655
-0.944701
-0.945202
-0.944603
-0.945926
-0.945788
-0.945184
-0.945497
-0.944292
-0.944881
-0.945133
-0.94579
-0.945486
-0.945451
-0.948578
-0.948987
-0.94495
-0.948288
-0.943985
-0.94441
-0.9432
-0.94363
-0.944533
-0.944689
-0.943182
-0.947927
-0.943148
-0.945436
-0.946493
-0.947846
-0.944534
-0.946515
-0.949348
-0.944607
-0.948005
-0.946384
-0.944923
-0.942345
-0.942081
-0.941407
-0.940734
-0.940472
-0.943217
-0.942312
-0.944205
-0.947311
-0.944298
-0.945521
-0.948993
-0.946818
-0.941548
-0.946818
-0.946185
-0.945855
-0.945516
-0.945185
-0.94089
-0.946322
-0.94822
-0.947722
-0.946251
-0.946795
-0.948698
-0.945172
-0.944886
-0.945957
-0.945201
-0.944943
-0.946477
-0.941918
-0.941377
-0.940925
-0.94136
-0.941536
-0.943275
-0.941177
-0.943119
-0.943285
-0.943359
-0.941387
-0.9445
-0.941654
-0.941987
-0.944155
-0.94276
-0.946009
-0.942405
-0.945865
-0.942395
-0.944781
-0.946684
-0.948623
-0.944902
-0.940593
-0.94385
-0.945561
-0.941922
-0.942315
-0.944403
-0.945057
-0.945774
-0.945856
-0.944696
-0.944992
-0.947224
-0.943334
-0.947506
-0.946657
-0.947167
-0.94619
-0.94676
-0.945067
-0.948107
-0.944797
-0.947634
-0.949285
-0.94807
-0.947758
-0.947085
-0.949104
-0.948756
-0.948756
-0.948796
-0.944538
-0.947737
-0.944899
-0.947266
-0.946023
-0.940729
-0.945322
-0.945855
-0.940603
-0.944468
-0.941067
-0.943749
-0.944364
-0.943267
-0.944331
-0.945592
-0.945315
-0.946044
-0.944781
-0.944441
-0.942644
-0.941177
-0.944614
-0.945668
-0.943802
-0.940149
-0.944622
-0.944594
-0.941655
-0.942065
-0.943029
-0.943018
-0.944959
-0.943498
-0.943018
-0.944959
-0.944239
-0.946113
-0.94515
-0.94479
-0.944668
-0.948908
-0.944017
-0.946739
-0.946624
-0.943257
-0.946158
-0.948662
-0.947301
-0.944178
-0.943824
-0.945549
-0.946449
-0.94453
-0.945101
-0.949255
-0.947603
-0.949543
-0.942225
-0.945268
-0.947246
-0.943499
-0.944407
-0.940807
-0.947779
-0.947766
-0.943371
-0.947427
-0.94469
-0.946752
-0.94431
-0.944213
-0.946203
-0.946949
-0.944976
-0.944725
-0.947077
-0.946995
-0.943376
-0.943945
-0.944126
-0.943592
-0.94371
-0.943895
-0.947265
-0.944361
-0.946989
-0.941968
-0.946248
-0.942266
-0.94418
-0.944844
-0.94418
-0.94566
-0.947257
-0.947291
-0.944656
-0.94434
-0.948723
-0.945193
-0.946579
-0.946628
-0.945892
-0.948452
-0.946861
-0.944424
-0.944959
-0.943921
-0.945755
-0.948437
-0.947897
-0.944375
-0.94886
-0.943283
-0.946561
-0.945231
-0.941446
-0.941513
-0.944154
-0.940761
-0.942484
-0.941467
-0.940611
-0.941983
-0.944245
-0.944962
-0.946727
-0.946613
-0.945629
-0.944266
-0.943973
-0.946653
-0.948593
-0.946341
-0.947872
-0.946344
-0.948014
-0.944895
-0.946832
