-0.979075
-0.978909
-0.979729
-0.977256
-0.977051
-0.97795
-0.979169
-0.978107
-0.977225
-0.977875
-0.977677
-0.97824
-0.978238
-0.977025
-0.97765
-0.977986
-0.977071
-0.977049
-0.977031
-0.977088
-0.977312
-0.977923
-0.977739
-0.977094
-0.977386
-0.977939
-0.978759
-0.97727
-0.977805
-0.977721
-0.979253
-0.980046
-0.978805
-0.977204
-0.977344
-0.978445
-0.978378
-0.977759
-0.978413
-0.978191
-0.978031
-0.978836
-0.97788
-0.978052
-0.97851
-0.977235
-0.97777
-0.978579
-0.978185
-0.978417
-0.978358
-0.976902
-0.978418
-0.977829
-0.978758
-0.979244
-0.977017
-0.976792
-0.977165
-0.979216
-0.978734
-0.979998
-0.977461
-0.977955
-0.977185
-0.977193
-0.977505
-0.977191
-0.978112
-0.979678
-0.980203
-0.979679
-0.979347
-0.979393
-0.97715
-0.978732
-0.979421
-0.977742
-0.979824
-0.980267
-0.979399
-0.978908
-0.977692
-0.978164
-0.977987
-0.977148
-0.979069
-0.978793
-0.97775
-0.977336
-0.977477
-0.977252
-0.977344
-0.978098
-0.977387
-0.977292
-0.977404
-0.977333
-0.977356
-0.977056
-0.977304
-0.976897
-0.978115
-0.977319
-0.9771
-0.977355
-0.9772
-0.977298
-0.979771
-0.978124
-0.976611
-0.977895
-0.978265
-0.976917
-0.978115
-0.977697
-0.977646
-0.977832
-0.978083
-0.977794
-0.977259
-0.978964
-0.978035
-0.978664
-0.978256
-0.979215
-0.979091
-0.978064
-0.977636
-0.977863
-0.978077
-0.977616
-0.978492
-0.978655
-0.978405
-0.97837
-0.978311
-0.976985
-0.979138
-0.980175
-0.980038
-0.980156
-0.979349
-0.978011
-0.978465
-0.976989
-0.976949
-0.976973
-0.976749
-0.978426
-0.977326
-0.980263
-0.981192
-0.978842
-0.978945
-0.978271
-0.98018
-0.979007
-0.979331
-0.979463
-0.980195
-0.978511
-0.977368
-0.978834
-0.978535
-0.978882
-0.978603
-0.979582
-0.98
-0.978928
-0.979309
-0.978544
-0.977373
-0.97716
-0.978424
-0.977509
-0.979728
-0.979002
-0.978835
-0.979818
-0.978068
-0.978786
-0.977162
-0.980088
-0.979599
-0.978154
-0.979626
-0.978614
-0.980568
-0.979492
-0.979367
-0.980356
-0.978484
-0.979984
-0.978907
-0.979784
-0.978764
-0.978884
-0.979719
-0.979754
-0.978365
-0.978079
-0.979391
-0.979026
-0.980038
-0.979695
-0.979235
-0.980094
-0.978097
-0.977996
-0.978099
-0.979674
-0.97832
-0.978459
-0.978318
-0.977035
-0.978325
-0.977517
-0.977434
-0.977374
-0.977782
-0.978113
-0.978463
-0.978526
-0.979874
-0.978307
-0.979857
-0.978714
-0.978326
-0.979454
-0.980055
-0.978125
-0.97867
-0.978608
-0.978732
-0.978832
-0.978778
-0.978824
-0.978891
-0.976964
-0.977259
-0.976915
-0.978739
-0.977435
-0.978683
-0.978321
-0.978626
-0.978601
-0.977334
-0.977193
-0.977124
-0.978293
-0.978194
-0.978165
-0.97834
-0.978252
-0.977091
-0.977028
-0.978102
-0.977399
-0.979221
-0.979615
-0.978725
-0.978241
-0.976798
-0.976658
-0.976688
-0.977779
-0.977887
-0.977538
-0.978162
-0.976618
-0.977155
-0.977998
-0.977897
-0.977795
-0.977657
-0.978191
-0.977703
-0.976658
-0.979198
-0.978493
-0.976664
-0.977612
-0.97702
-0.979572
-0.978725
-0.979067
-0.979279
-0.978361
-0.980357
-0.979827
-0.977399
-0.980779
-0.978776
-0.980029
-0.979257
-0.980387
-0.980145
-0.979603
-0.978901
-0.977451
-0.979795
-0.979035
-0.978691
-0.980077
-0.980078
-0.980401
-0.979814
-0.979719
-0.976855
-0.978779
-0.97861
-0.976916
-0.977009
-0.97768
-0.977904
-0.977834
-0.97659
-0.97704
-0.97717
-0.978406
-0.977726
-0.978259
-0.977929
-0.979944
-0.978597
-0.979546
-0.978933
-0.979571
-0.978307
-0.978509
-0.978244
-0.979989
-0.979254
-0.978113
-0.977547
-0.977115
-0.977647
-0.977365
-0.977652
-0.977595
-0.976994
-0.978516
-0.977925
-0.978216
-0.97815
-0.978371
-0.976863
-0.978568
-0.978036
-0.978078
-0.978188
-0.978347
-0.978044
-0.978301
-0.97807
-0.9783
-0.977843
-0.97844
-0.979675
-0.97684
-0.98023
-0.97885
-0.979742
-0.97865
-0.979509
-0.979196
-0.978605
-0.97671
-0.977125
-0.978146
-0.978627
-0.97941
-0.977169
-0.980167
-0.978177
-0.980143
-0.979511
-0.978477
-0.979144
-0.979325
-0.978354
-0.978455
-0.978003
-0.978452
-0.978711
-0.978423
-0.978783
-0.978218
-0.979462
-0.978886
-0.979827
-0.97837
-0.97798
-0.978755
-0.979176
-0.980081
-0.979232
-0.978324
-0.979213
-0.979361
-0.977721
-0.97938
-0.979148
-0.979741
-0.978319
-0.977742
-0.977354
-0.977223
-0.978488
-0.978266
-0.978485
-0.976643
-0.97692
-0.976649
-0.977068
-0.976596
-0.976596
-0.976781
-0.976596
-0.977504
-0.976622
-0.977482
-0.976854
-0.97748
-0.976854
-0.976633
-0.979368
-0.97692
-0.976596
-0.976755
-0.978368
-0.978234
-0.977733
-0.978155
-0.978334
-0.978453
-0.978419
-0.978243
-0.977064
-0.978934
-0.978199
-0.978999
-0.979782
-0.978464
-0.979911
-0.979717
-0.979862
-0.979005
-0.97665
-0.977901
-0.977963
-0.978484
-0.976576
-0.976806
-0.97707
-0.979424
-0.976999
-0.979093
-0.979659
-0.979099
-0.977111
-0.977121
-0.978144
-0.978163
-0.978185
-0.98033
-0.980212
-0.977673
-0.977252
-0.977032
-0.977217
-0.977302
-0.97774
-0.977057
-0.978463
-0.978222
-0.978291
-0.978376
-0.978057
-0.979332
-0.977814
-0.97768
-0.97883
-0.978881
-0.977085
-0.978659
-0.977511
-0.977405
-0.977739
-0.980196
-0.979321
-0.978798
-0.978386
-0.97848
-0.977422
-0.977868
-0.977825
-0.977316
-0.9769
-0.977277
-0.977816
-0.977153
-0.978536
-0.977389
-0.976722
-0.977563
-0.977558
-0.977125
-0.977313
-0.979674
-0.978691
-0.978628
-0.97991
-0.98012
-0.980231
-0.978838
-0.978304
-0.978651
-0.978886
-0.979744
-0.979227
-0.98052
-0.979214
-0.978728
-0.978398
-0.977765
-0.979595
-0.979735
-0.979287
-0.979941
-0.97846
-0.97947
-0.979077
-0.978178
-0.979106
-0.980011
-0.979889
-0.979497
-0.979371
-0.979415
-0.978471
-0.978276
-0.978495
-0.977813
-0.977708
-0.979787
-0.978316
-0.97797
-0.977714
-0.978113
-0.978465
-0.978584
-0.977909
-0.977799
-0.978416
-0.977174
-0.978898
-0.9787
-0.978954
-0.978326
-0.978589
-0.978196
-0.977672
-0.978911
-0.978148
-0.976947
-0.978339
-0.97701
-0.977091
-0.978384
-0.978935
-0.978872
-0.976944
-0.977092
-0.978521
-0.978301
-0.978942
-0.97704
-0.977962
-0.978092
-0.978778
-0.978741
-0.978828
-0.978941
-0.978447
-0.979468
-0.978517
-0.978535
-0.979304
-0.978875
-0.978943
-0.979003
-0.979547
-0.97948
-0.978559
-0.97829
-0.978919
-0.980105
-0.980295
-0.978491
-0.978402
-0.979582
-0.979438
-0.97797
-0.97789
-0.978148
-0.978165
-0.978207
-0.978221
-0.977828
-0.978522
-0.978455
-0.977704
-0.978189
-0.978275
-0.977809
-0.978402
-0.978036
-0.978358
-0.978336
-0.9784
-0.978299
-0.978941
-0.979394
-0.979672
-0.97822
-0.978328
-0.978026
-0.97731
-0.977583
-0.978875
-0.977781
-0.97782
-0.97945
-0.980442
-0.979728
-0.979531
-0.980068
-0.979831
-0.978493
-0.97948
-0.978733
-0.980097
-0.978593
-0.978657
-0.980375
-0.977132
-0.980325
-0.978495
-0.979137
-0.979621
-0.979181
-0.979012
-0.978956
-0.979432
-0.979004
-0.978015
-0.978282
-0.9787
-0.978731
-0.978267
-0.978727
-0.978681
-0.978511
-0.980521
-0.97819
-0.979512
-0.980631
-0.97935
-0.979543
-0.978779
-0.979138
-0.980016
-0.97967
-0.979982
-0.978941
-0.97943
-0.979405
-0.978891
-0.978721
-0.979984
-0.978526
-0.979975
-0.979463
-0.979809
-0.979821
-0.978753
-0.978651
-0.978763
-0.979158
-0.980462
-0.980113
-0.980164
-0.979538
-0.979989
-0.97996
-0.979929
-0.980461
-0.980354
-0.980529
-0.980429
-0.980592
-0.980194
-0.980287
-0.979336
-0.979953
-0.979343
-0.978369
-0.97797
-0.977866
-0.97816
-0.97789
-0.978241
-0.977709
-0.978243
-0.978287
-0.978095
-0.978175
-0.978244
-0.979409
-0.979928
-0.97829
-0.979686
-0.979736
-0.976625
-0.979519
-0.976915
-0.979907
-0.979114
-0.979988
-0.978823
-0.979016
-0.979137
-0.978311
-0.976625
-0.979789
-0.979276
-0.978853
-0.979087
-0.978833
-0.979255
-0.97933
-0.979039
-0.979087
-0.978686
-0.979022
-0.978974
-0.979128
-0.979142
-0.979127
-0.980327
-0.980447
-0.978631
-0.980076
-0.978345
-0.978656
-0.978129
-0.97825
-0.978518
-0.978826
-0.978174
-0.980281
-0.978096
-0.979002
-0.979572
-0.980172
-0.978729
-0.97967
-0.980678
-0.978769
-0.980315
-0.979626
-0.978959
-0.977973
-0.977798
-0.977413
-0.977235
-0.977093
-0.978311
-0.977893
-0.978651
-0.979955
-0.978789
-0.979346
-0.980673
-0.979871
-0.977394
-0.979865
-0.979528
-0.979418
-0.979247
-0.979077
-0.977286
-0.979552
-0.980397
-0.98011
-0.979521
-0.979506
-0.980319
-0.978987
-0.978947
-0.979356
-0.978986
-0.978967
-0.979629
-0.97745
-0.977228
-0.977129
-0.977296
-0.977339
-0.978104
-0.977243
-0.978125
-0.978271
-0.978306
-0.977292
-0.978594
-0.977365
-0.977522
-0.978532
-0.977798
-0.979162
-0.977674
-0.979231
-0.977716
-0.978791
-0.979486
-0.980284
-0.978928
-0.977027
-0.978445
-0.979194
-0.977527
-0.977799
-0.978586
-0.978743
-0.979356
-0.979234
-0.978938
-0.979003
-0.979816
-0.978185
-0.979998
-0.979692
-0.979796
-0.979273
-0.97971
-0.978987
-0.980053
-0.97886
-0.979946
-0.980639
-0.980282
-0.979952
-0.979833
-0.980552
-0.980504
-0.980504
-0.980575
-0.978881
-0.980196
-0.978821
-0.979905
-0.97941
-0.977048
-0.97884
-0.979209
-0.976998
-0.978717
-0.977205
-0.978396
-0.978675
-0.978158
-0.97858
-0.979164
-0.979121
-0.979432
-0.978941
-0.97863
-0.977901
-0.977301
-0.978801
-0.979263
-0.978512
-0.976751
-0.978814
-0.978703
-0.977479
-0.977662
-0.978038
-0.978103
-0.979017
-0.978334
-0.978103
-0.979017
-0.978639
-0.979335
-0.979027
-0.978717
-0.978835
-0.980538
-0.978598
-0.979578
-0.979722
-0.978237
-0.979524
-0.980419
-0.979863
-0.978585
-0.978465
-0.979197
-0.979655
-0.978865
-0.979018
-0.980601
-0.980055
-0.980724
-0.977862
-0.979114
-0.980016
-0.97824
-0.978695
-0.977033
-0.980009
-0.980105
-0.978258
-0.980028
-0.978859
-0.979618
-0.978797
-0.978601
-0.979422
-0.979733
-0.979022
-0.978786
-0.979816
-0.979724
-0.978201
-0.97855
-0.978547
-0.978401
-0.978426
-0.97861
-0.979766
-0.978628
-0.979626
-0.977554
-0.979441
-0.977699
-0.978568
-0.978976
-0.978628
-0.979199
-0.979866
-0.979865
-0.978878
-0.978866
-0.980374
-0.978974
-0.979516
-0.979529
-0.979545
-0.980114
-0.97971
-0.978857
-0.978979
-0.978674
-0.979356
-0.980282
-0.980092
-0.978823
-0.980454
-0.978332
-0.979491
-0.979063
-0.977335
-0.977412
-0.97859
-0.9773
-0.977841
-0.977334
-0.977197
-0.977565
-0.978617
-0.978831
-0.97965
-0.9796
-0.979151
-0.978723
-0.978573
-0.979541
-0.980406
-0.979352
-0.980088
-0.979442
-0.980136
-0.978965
-0.97959
