-0.937389
-0.936588
-0.938534
-0.93204
-0.932109
-0.934237
-0.93715
-0.934555
-0.932221
-0.934107
-0.933715
-0.935066
-0.935061
-0.932119
-0.933317
-0.934416
-0.932339
-0.932059
-0.931944
-0.932229
-0.932169
-0.934228
-0.933636
-0.932059
-0.932788
-0.934434
-0.936348
-0.932637
-0.934123
-0.933991
-0.937384
-0.939082
-0.936383
-0.93297
-0.9332
-0.935568
-0.935146
-0.934043
-0.935252
-0.93494
-0.93467
-0.936418
-0.93438
-0.934901
-0.935666
-0.932868
-0.934125
-0.935863
-0.934871
-0.935468
-0.935378
-0.932194
-0.935521
-0.934573
-0.93578
-0.937359
-0.932189
-0.932048
-0.932796
-0.937046
-0.936162
-0.938817
-0.933001
-0.933937
-0.932906
-0.932954
-0.93348
-0.932896
-0.934338
-0.938235
-0.939102
-0.937513
-0.937171
-0.937617
-0.932327
-0.93554
-0.93749
-0.933922
-0.938451
-0.939269
-0.937617
-0.936545
-0.933539
-0.934763
-0.934385
-0.932304
-0.936908
-0.936033
-0.933592
-0.932836
-0.933063
-0.932611
-0.932948
-0.93454
-0.932911
-0.932713
-0.932978
-0.932913
-0.933051
-0.932226
-0.932722
-0.932049
-0.934471
-0.932816
-0.932574
-0.932948
-0.932552
-0.932833
-0.937803
-0.934535
-0.931742
-0.933898
-0.93463
-0.931883
-0.934524
-0.933411
-0.933689
-0.933989
-0.934333
-0.933855
-0.932816
-0.936288
-0.934435
-0.935975
-0.934539
-0.936482
-0.936524
-0.934289
-0.933242
-0.933887
-0.934503
-0.933102
-0.935439
-0.935765
-0.935011
-0.934879
-0.934917
-0.931952
-0.937209
-0.939576
-0.938668
-0.939193
-0.937689
-0.934641
-0.93545
-0.932212
-0.932024
-0.932406
-0.931583
-0.935135
-0.932899
-0.9396
-0.941872
-0.936372
-0.93667
-0.934929
-0.939438
-0.936755
-0.937356
-0.93784
-0.939381
-0.935761
-0.932943
-0.936317
-0.935719
-0.936128
-0.935074
-0.937833
-0.939555
-0.936612
-0.937147
-0.935208
-0.932899
-0.932565
-0.935383
-0.933246
-0.938146
-0.936741
-0.936378
-0.938597
-0.934409
-0.936057
-0.932662
-0.939749
-0.93829
-0.935087
-0.938029
-0.936041
-0.940643
-0.938068
-0.937733
-0.94
-0.93575
-0.939163
-0.936682
-0.938425
-0.936296
-0.936273
-0.938524
-0.938537
-0.935552
-0.934801
-0.93778
-0.936803
-0.939106
-0.938356
-0.937403
-0.939107
-0.934643
-0.934373
-0.934978
-0.938644
-0.935078
-0.935566
-0.935205
-0.932368
-0.93536
-0.933347
-0.93319
-0.932956
-0.933677
-0.934732
-0.935854
-0.935592
-0.938665
-0.935361
-0.938944
-0.936191
-0.935228
-0.937522
-0.939502
-0.934567
-0.935933
-0.935649
-0.936191
-0.936435
-0.936129
-0.93625
-0.936182
-0.932249
-0.932721
-0.932316
-0.935992
-0.933252
-0.936021
-0.935113
-0.936035
-0.935968
-0.93296
-0.932636
-0.932708
-0.935185
-0.934988
-0.934926
-0.935088
-0.935126
-0.932472
-0.93242
-0.935051
-0.932969
-0.937125
-0.937911
-0.935996
-0.935019
-0.93138
-0.931622
-0.931755
-0.93356
-0.934256
-0.933305
-0.934588
-0.931633
-0.932226
-0.934543
-0.934051
-0.934302
-0.933619
-0.934699
-0.933656
-0.931516
-0.937462
-0.935319
-0.93163
-0.933553
-0.932134
-0.937806
-0.935996
-0.937217
-0.937065
-0.935124
-0.940135
-0.938662
-0.932743
-0.940586
-0.936076
-0.93923
-0.937515
-0.940041
-0.939589
-0.938233
-0.936505
-0.933117
-0.938645
-0.936823
-0.93562
-0.939136
-0.939453
-0.939978
-0.938656
-0.93833
-0.931775
-0.936053
-0.935578
-0.931825
-0.931869
-0.933671
-0.934201
-0.933855
-0.931531
-0.93221
-0.932598
-0.935049
-0.933649
-0.935037
-0.934125
-0.93891
-0.935758
-0.937845
-0.936448
-0.937706
-0.934856
-0.935489
-0.934466
-0.939124
-0.937084
-0.934628
-0.933168
-0.932543
-0.933591
-0.932862
-0.933594
-0.933513
-0.932211
-0.935261
-0.934078
-0.934708
-0.934383
-0.93519
-0.931938
-0.935442
-0.93433
-0.934653
-0.934834
-0.935277
-0.934511
-0.935095
-0.934396
-0.935107
-0.933636
-0.935501
-0.938543
-0.932138
-0.939508
-0.936725
-0.938394
-0.935729
-0.938206
-0.937066
-0.936077
-0.931722
-0.932586
-0.935124
-0.935857
-0.93794
-0.932512
-0.939118
-0.934774
-0.939364
-0.938055
-0.935295
-0.936912
-0.937336
-0.935028
-0.935211
-0.93439
-0.935189
-0.935695
-0.934983
-0.936068
-0.934647
-0.937882
-0.936515
-0.938649
-0.93496
-0.934159
-0.936092
-0.936882
-0.938962
-0.937216
-0.935258
-0.937136
-0.937261
-0.933903
-0.937545
-0.936672
-0.938456
-0.934826
-0.933566
-0.933212
-0.932758
-0.935524
-0.935025
-0.9355
-0.931685
-0.932261
-0.931887
-0.932739
-0.931737
-0.931737
-0.932118
-0.931737
-0.933589
-0.931592
-0.933433
-0.931997
-0.933476
-0.931997
-0.931622
-0.937525
-0.932261
-0.931737
-0.931783
-0.934888
-0.934898
-0.934024
-0.934855
-0.935116
-0.93548
-0.935454
-0.935071
-0.93226
-0.936428
-0.934977
-0.936396
-0.938773
-0.93548
-0.93875
-0.938395
-0.938046
-0.936657
-0.9316
-0.934218
-0.934198
-0.935483
-0.931395
-0.931695
-0.932264
-0.937658
-0.93199
-0.936813
-0.937989
-0.93684
-0.932456
-0.932319
-0.934523
-0.934513
-0.93462
-0.939611
-0.939353
-0.933817
-0.932934
-0.932425
-0.932709
-0.933039
-0.933849
-0.932421
-0.935556
-0.934714
-0.93507
-0.935204
-0.934329
-0.937319
-0.933947
-0.933893
-0.93672
-0.936769
-0.932388
-0.935762
-0.933397
-0.932924
-0.933841
-0.939363
-0.937707
-0.936094
-0.935005
-0.935522
-0.933239
-0.934247
-0.933963
-0.933003
-0.932333
-0.932926
-0.933876
-0.932709
-0.93562
-0.932951
-0.931472
-0.933342
-0.933186
-0.932436
-0.932667
-0.938196
-0.935861
-0.93581
-0.939021
-0.939308
-0.939595
-0.936313
-0.93506
-0.93571
-0.936379
-0.938284
-0.936972
-0.93976
-0.93725
-0.936086
-0.935405
-0.933798
-0.938267
-0.938467
-0.937177
-0.93951
-0.935566
-0.937728
-0.936361
-0.93491
-0.936973
-0.938994
-0.938319
-0.937909
-0.937296
-0.93768
-0.935203
-0.93491
-0.935812
-0.934225
-0.933518
-0.938733
-0.93543
-0.934487
-0.933922
-0.934647
-0.935654
-0.935758
-0.934485
-0.934062
-0.935414
-0.93232
-0.936392
-0.935944
-0.936486
-0.93505
-0.935905
-0.935184
-0.933748
-0.936286
-0.934879
-0.932281
-0.935319
-0.932264
-0.93233
-0.935216
-0.936369
-0.936059
-0.932267
-0.93233
-0.935651
-0.935095
-0.936455
-0.932485
-0.934327
-0.934559
-0.935921
-0.936132
-0.936089
-0.936366
-0.935121
-0.938024
-0.935582
-0.935378
-0.936612
-0.935987
-0.935964
-0.936607
-0.937584
-0.937722
-0.935661
-0.935045
-0.936083
-0.939047
-0.939508
-0.935301
-0.935341
-0.937894
-0.937449
-0.934479
-0.934359
-0.934423
-0.935143
-0.935184
-0.935079
-0.934235
-0.935966
-0.935526
-0.933777
-0.935438
-0.935253
-0.93412
-0.935567
-0.934666
-0.935373
-0.935106
-0.93538
-0.934957
-0.936782
-0.937893
-0.93809
-0.935167
-0.935188
-0.934346
-0.933177
-0.933441
-0.936758
-0.934063
-0.933962
-0.937672
-0.93997
-0.93816
-0.937919
-0.939032
-0.938697
-0.935555
-0.937999
-0.935935
-0.939007
-0.93579
-0.935828
-0.939738
-0.932528
-0.939394
-0.935489
-0.93701
-0.93796
-0.937423
-0.936521
-0.93622
-0.937917
-0.936537
-0.934611
-0.934901
-0.936268
-0.936136
-0.934964
-0.936285
-0.935843
-0.935468
-0.940275
-0.934913
-0.937924
-0.940888
-0.937775
-0.938127
-0.936372
-0.937015
-0.939546
-0.938487
-0.938938
-0.936755
-0.937879
-0.937553
-0.93664
-0.936476
-0.93933
-0.935934
-0.939141
-0.937845
-0.938791
-0.939015
-0.936372
-0.936052
-0.936432
-0.937262
-0.940525
-0.939835
-0.93971
-0.938152
-0.93956
-0.939291
-0.939198
-0.940351
-0.940472
-0.940464
-0.940248
-0.940431
-0.940105
-0.9401
-0.937702
-0.938888
-0.937794
-0.935161
-0.934033
-0.933912
-0.934606
-0.933749
-0.935005
-0.93346
-0.934879
-0.934947
-0.934347
-0.93428
-0.935009
-0.937905
-0.939059
-0.935411
-0.938461
-0.938837
-0.931901
-0.937855
-0.932113
-0.938991
-0.937278
-0.938728
-0.936231
-0.936592
-0.937063
-0.935147
-0.931902
-0.938595
-0.937467
-0.936363
-0.936927
-0.936196
-0.937027
-0.937555
-0.936804
-0.93707
-0.935946
-0.936907
-0.9365
-0.937134
-0.936571
-0.937046
-0.939775
-0.940175
-0.936157
-0.939394
-0.935485
-0.936083
-0.934709
-0.934991
-0.935559
-0.936011
-0.934494
-0.939291
-0.934875
-0.936521
-0.937839
-0.939043
-0.93578
-0.938081
-0.940558
-0.936409
-0.939509
-0.938054
-0.937169
-0.934266
-0.933755
-0.933153
-0.932275
-0.932195
-0.935147
-0.933961
-0.935765
-0.939169
-0.936139
-0.937325
-0.940582
-0.938787
-0.932931
-0.938838
-0.938264
-0.937844
-0.937412
-0.936662
-0.932685
-0.938231
-0.940152
-0.939321
-0.938034
-0.937874
-0.93919
-0.936391
-0.936516
-0.937285
-0.93652
-0.936517
-0.938156
-0.933407
-0.932654
-0.93276
-0.932839
-0.933046
-0.934964
-0.932948
-0.934593
-0.935064
-0.935066
-0.932956
-0.936057
-0.933064
-0.933782
-0.936128
-0.934164
-0.937367
-0.933908
-0.937103
-0.933977
-0.936218
-0.938219
-0.939827
-0.936804
-0.932217
-0.935885
-0.937324
-0.933129
-0.933792
-0.935732
-0.936514
-0.937436
-0.937261
-0.936681
-0.936872
-0.938438
-0.935318
-0.939375
-0.938392
-0.93856
-0.937661
-0.938615
-0.937064
-0.939492
-0.93678
-0.939115
-0.941334
-0.939403
-0.939166
-0.938775
-0.940614
-0.940144
-0.940144
-0.940196
-0.936091
-0.93953
-0.936335
-0.938744
-0.937906
-0.93228
-0.936595
-0.937207
-0.932489
-0.935701
-0.932532
-0.935295
-0.935867
-0.934783
-0.935596
-0.936761
-0.936295
-0.936954
-0.936462
-0.935668
-0.933669
-0.932576
-0.935925
-0.937227
-0.935387
-0.931711
-0.936133
-0.935973
-0.933114
-0.933642
-0.934632
-0.935106
-0.936503
-0.935092
-0.935106
-0.936503
-0.935826
-0.937532
-0.937061
-0.936041
-0.936301
-0.940104
-0.935531
-0.937989
-0.938357
-0.934991
-0.937856
-0.940231
-0.938606
-0.935707
-0.935275
-0.937072
-0.938108
-0.936338
-0.936376
-0.940479
-0.939103
-0.940733
-0.933899
-0.936852
-0.93895
-0.934942
-0.935947
-0.932502
-0.939301
-0.939071
-0.934938
-0.938945
-0.93624
-0.938116
-0.936102
-0.935724
-0.937729
-0.938384
-0.936495
-0.93624
-0.938457
-0.938322
-0.934996
-0.935651
-0.935344
-0.93515
-0.935418
-0.93593
-0.938326
-0.936003
-0.938154
-0.933553
-0.938268
-0.933717
-0.936178
-0.936818
-0.935562
-0.937707
-0.939002
-0.938803
-0.936269
-0.936169
-0.940281
-0.936704
-0.938121
-0.938008
-0.937945
-0.939809
-0.938507
-0.935977
-0.936552
-0.935834
-0.937772
-0.939887
-0.939363
-0.936226
-0.940105
-0.935008
-0.937824
-0.937046
-0.932733
-0.933095
-0.935668
-0.932461
-0.934278
-0.932779
-0.932226
-0.933358
-0.935727
-0.936225
-0.938131
-0.937871
-0.937238
-0.936005
-0.935634
-0.93785
-0.939951
-0.937636
-0.939304
-0.938078
-0.939315
-0.936566
-0.938197
