-0.975716
-0.975433
-0.976281
-0.973431
-0.973438
-0.974375
-0.975699
-0.974415
-0.973605
-0.974303
-0.974123
-0.974793
-0.974772
-0.97344
-0.974098
-0.974463
-0.973476
-0.97348
-0.973401
-0.973473
-0.973704
-0.974378
-0.974185
-0.973471
-0.973802
-0.974396
-0.975237
-0.973688
-0.97425
-0.974178
-0.975808
-0.976584
-0.975306
-0.97367
-0.973832
-0.975039
-0.974882
-0.974194
-0.974907
-0.974656
-0.974571
-0.975353
-0.974354
-0.974528
-0.974917
-0.973686
-0.974265
-0.975063
-0.974687
-0.974867
-0.974863
-0.973339
-0.974993
-0.974447
-0.975119
-0.975719
-0.973444
-0.973147
-0.973686
-0.975753
-0.975159
-0.976626
-0.973937
-0.974381
-0.973621
-0.973659
-0.974071
-0.973672
-0.974561
-0.976317
-0.976838
-0.976254
-0.97595
-0.975952
-0.973569
-0.97523
-0.975969
-0.974168
-0.976503
-0.976876
-0.975993
-0.97542
-0.974204
-0.974708
-0.974541
-0.973523
-0.975596
-0.975245
-0.974123
-0.973729
-0.973906
-0.973615
-0.973761
-0.974573
-0.973805
-0.973718
-0.973835
-0.973722
-0.973773
-0.973443
-0.973718
-0.973331
-0.974534
-0.973737
-0.973559
-0.973761
-0.973514
-0.973739
-0.976183
-0.974683
-0.972946
-0.974339
-0.974699
-0.973313
-0.974665
-0.974233
-0.974068
-0.974255
-0.97458
-0.974251
-0.973711
-0.975531
-0.974547
-0.975376
-0.974768
-0.975776
-0.975643
-0.974535
-0.974006
-0.974302
-0.974621
-0.973913
-0.974972
-0.975134
-0.974844
-0.974873
-0.974856
-0.973366
-0.975681
-0.976789
-0.976592
-0.9767
-0.975903
-0.974489
-0.974973
-0.97335
-0.973338
-0.973346
-0.973086
-0.974931
-0.973603
-0.976805
-0.977855
-0.975326
-0.97544
-0.974716
-0.976857
-0.975518
-0.975868
-0.976001
-0.976857
-0.974922
-0.973792
-0.975316
-0.975081
-0.975452
-0.975206
-0.976187
-0.976575
-0.975437
-0.975845
-0.975117
-0.973783
-0.973542
-0.974952
-0.973884
-0.976433
-0.975563
-0.975424
-0.976363
-0.974559
-0.975347
-0.973545
-0.976775
-0.976177
-0.974727
-0.976246
-0.975139
-0.977251
-0.976134
-0.975951
-0.97705
-0.975031
-0.976585
-0.975431
-0.976373
-0.975461
-0.975453
-0.97644
-0.976399
-0.974926
-0.974661
-0.976011
-0.975598
-0.976544
-0.976445
-0.975966
-0.976753
-0.974655
-0.974519
-0.974691
-0.976261
-0.974845
-0.974951
-0.974793
-0.973423
-0.974927
-0.973899
-0.973877
-0.973794
-0.974256
-0.97461
-0.975015
-0.974984
-0.976361
-0.974787
-0.976438
-0.975301
-0.974802
-0.975961
-0.976692
-0.97453
-0.975141
-0.975055
-0.9752
-0.975369
-0.975332
-0.975344
-0.975345
-0.973341
-0.973627
-0.973268
-0.975245
-0.97396
-0.975186
-0.9748
-0.97496
-0.975009
-0.973804
-0.973549
-0.973538
-0.974736
-0.974615
-0.974626
-0.974786
-0.974695
-0.973512
-0.973372
-0.974553
-0.973797
-0.975729
-0.976237
-0.975202
-0.974675
-0.973117
-0.972983
-0.973021
-0.974197
-0.974337
-0.973907
-0.974611
-0.97293
-0.973544
-0.974438
-0.974402
-0.974225
-0.974086
-0.974667
-0.974118
-0.972977
-0.975703
-0.974999
-0.973
-0.974033
-0.973378
-0.976107
-0.975202
-0.975657
-0.97578
-0.974894
-0.977123
-0.976436
-0.973837
-0.977398
-0.975341
-0.976681
-0.975829
-0.976983
-0.976787
-0.976279
-0.975496
-0.973939
-0.976517
-0.975604
-0.975224
-0.976579
-0.976786
-0.977007
-0.976408
-0.976342
-0.973187
-0.975346
-0.975107
-0.973298
-0.973382
-0.974069
-0.974341
-0.974275
-0.972916
-0.973423
-0.973563
-0.974911
-0.974161
-0.974762
-0.974397
-0.976668
-0.975131
-0.976059
-0.975513
-0.97617
-0.974744
-0.975059
-0.974703
-0.976614
-0.976012
-0.974627
-0.974115
-0.973475
-0.974087
-0.97377
-0.974107
-0.974008
-0.973362
-0.975077
-0.974362
-0.974697
-0.974754
-0.974868
-0.973211
-0.975038
-0.974456
-0.974536
-0.974675
-0.974851
-0.974487
-0.97489
-0.97449
-0.974795
-0.974288
-0.97493
-0.976195
-0.973139
-0.97692
-0.975386
-0.976286
-0.975201
-0.97612
-0.975727
-0.975028
-0.973
-0.973508
-0.974769
-0.975129
-0.976023
-0.973574
-0.976766
-0.974628
-0.976762
-0.976033
-0.974918
-0.975635
-0.97586
-0.974869
-0.97492
-0.974588
-0.974934
-0.975205
-0.974916
-0.975245
-0.974653
-0.976
-0.975377
-0.976399
-0.974932
-0.974541
-0.975253
-0.975808
-0.97669
-0.975774
-0.974969
-0.975706
-0.975982
-0.974206
-0.975806
-0.975601
-0.976261
-0.974787
-0.974132
-0.973922
-0.973667
-0.975033
-0.97477
-0.975009
-0.973115
-0.973346
-0.973115
-0.973503
-0.973011
-0.973011
-0.973231
-0.973011
-0.973959
-0.97297
-0.973965
-0.973241
-0.973924
-0.973241
-0.973004
-0.975983
-0.973344
-0.973011
-0.97314
-0.974704
-0.974574
-0.974268
-0.974588
-0.974763
-0.974913
-0.974944
-0.974639
-0.973359
-0.975397
-0.974687
-0.97545
-0.976367
-0.97498
-0.976457
-0.976354
-0.976117
-0.975567
-0.973168
-0.974299
-0.974389
-0.974917
-0.972976
-0.973173
-0.973394
-0.975933
-0.973386
-0.975495
-0.976215
-0.975709
-0.97346
-0.973536
-0.974598
-0.974659
-0.974613
-0.97688
-0.976843
-0.974198
-0.973708
-0.973409
-0.973521
-0.973745
-0.974209
-0.973436
-0.97497
-0.974687
-0.974819
-0.974829
-0.974539
-0.975913
-0.974213
-0.974134
-0.975436
-0.975374
-0.973496
-0.975213
-0.974032
-0.973794
-0.974187
-0.976841
-0.975872
-0.975387
-0.97489
-0.975011
-0.973837
-0.974312
-0.974268
-0.973734
-0.973272
-0.973689
-0.974312
-0.97353
-0.975052
-0.973786
-0.973083
-0.973993
-0.974013
-0.973545
-0.973748
-0.976337
-0.975281
-0.975209
-0.976526
-0.976787
-0.97677
-0.975342
-0.974743
-0.975225
-0.975406
-0.976313
-0.975705
-0.976945
-0.975879
-0.975201
-0.97489
-0.974351
-0.97603
-0.976168
-0.975755
-0.976541
-0.974968
-0.975995
-0.975561
-0.974655
-0.97558
-0.976656
-0.976567
-0.976164
-0.975906
-0.975937
-0.974854
-0.974664
-0.974915
-0.974335
-0.974117
-0.976359
-0.974949
-0.974592
-0.974266
-0.974596
-0.974959
-0.975029
-0.974479
-0.974257
-0.974982
-0.973502
-0.975441
-0.97524
-0.975511
-0.974872
-0.975213
-0.974785
-0.974179
-0.975394
-0.974684
-0.97331
-0.974886
-0.973416
-0.973367
-0.974921
-0.97551
-0.975347
-0.973302
-0.973395
-0.975037
-0.974838
-0.975487
-0.973523
-0.974436
-0.974686
-0.975305
-0.975226
-0.975408
-0.975454
-0.974878
-0.97616
-0.975078
-0.974908
-0.975869
-0.975466
-0.975444
-0.975541
-0.976147
-0.976021
-0.974982
-0.974795
-0.97534
-0.976673
-0.976837
-0.974956
-0.974906
-0.976077
-0.975876
-0.974443
-0.974361
-0.974656
-0.974653
-0.97471
-0.97471
-0.974211
-0.975053
-0.974953
-0.974147
-0.974796
-0.974757
-0.974358
-0.97495
-0.974507
-0.974809
-0.974886
-0.974818
-0.974825
-0.97551
-0.975953
-0.976136
-0.974692
-0.974779
-0.974474
-0.973711
-0.974005
-0.975427
-0.974232
-0.974394
-0.975995
-0.977152
-0.976294
-0.97603
-0.97671
-0.976361
-0.97502
-0.976102
-0.975294
-0.976609
-0.975075
-0.975129
-0.976873
-0.973445
-0.977036
-0.975008
-0.975656
-0.976196
-0.975699
-0.975509
-0.975299
-0.976008
-0.975474
-0.97444
-0.974723
-0.975246
-0.975261
-0.974818
-0.975309
-0.975169
-0.97501
-0.977157
-0.974671
-0.97612
-0.977399
-0.97591
-0.976144
-0.975334
-0.975683
-0.976818
-0.976454
-0.976582
-0.975558
-0.976162
-0.975944
-0.975465
-0.975371
-0.976684
-0.975051
-0.97665
-0.976013
-0.97652
-0.976374
-0.975328
-0.975153
-0.975295
-0.975657
-0.977212
-0.976935
-0.976891
-0.976234
-0.97669
-0.976627
-0.976617
-0.977236
-0.977033
-0.977252
-0.977089
-0.977384
-0.976991
-0.976976
-0.976026
-0.976604
-0.975968
-0.974866
-0.974428
-0.974274
-0.974672
-0.974181
-0.974728
-0.974138
-0.974671
-0.974771
-0.974597
-0.974652
-0.974729
-0.97605
-0.97659
-0.974829
-0.976143
-0.97635
-0.972954
-0.976075
-0.973281
-0.97651
-0.9757
-0.976727
-0.975385
-0.975605
-0.975682
-0.97478
-0.972954
-0.976355
-0.975861
-0.975435
-0.975645
-0.975361
-0.975841
-0.975942
-0.975601
-0.97565
-0.975239
-0.975647
-0.975547
-0.97572
-0.975623
-0.975757
-0.976971
-0.976928
-0.975127
-0.976694
-0.97483
-0.975066
-0.974735
-0.974656
-0.975019
-0.975346
-0.974644
-0.976914
-0.974558
-0.975549
-0.976161
-0.976793
-0.975217
-0.976334
-0.977277
-0.975327
-0.976955
-0.976234
-0.975596
-0.974428
-0.97426
-0.973836
-0.973592
-0.973429
-0.974802
-0.974335
-0.975137
-0.976606
-0.975332
-0.975836
-0.977175
-0.976539
-0.973791
-0.976444
-0.976143
-0.975958
-0.975843
-0.975659
-0.973681
-0.976159
-0.977059
-0.976802
-0.976112
-0.976155
-0.976959
-0.975447
-0.975304
-0.975798
-0.97544
-0.975448
-0.976011
-0.974063
-0.973698
-0.973513
-0.973623
-0.973756
-0.97465
-0.973684
-0.974598
-0.974789
-0.974761
-0.973685
-0.975124
-0.973781
-0.97414
-0.975102
-0.974406
-0.975732
-0.97428
-0.97581
-0.974309
-0.975428
-0.976131
-0.976897
-0.975481
-0.973352
-0.974902
-0.97573
-0.973988
-0.974114
-0.975037
-0.975267
-0.975864
-0.97571
-0.975534
-0.975382
-0.976318
-0.974579
-0.976584
-0.976225
-0.976275
-0.975794
-0.976308
-0.975514
-0.976752
-0.975335
-0.97665
-0.977331
-0.976884
-0.976599
-0.97643
-0.977221
-0.977094
-0.977094
-0.977152
-0.975368
-0.976792
-0.975297
-0.976414
-0.975974
-0.973409
-0.975403
-0.9759
-0.973313
-0.975264
-0.973618
-0.974882
-0.975206
-0.974681
-0.975093
-0.975614
-0.975532
-0.975939
-0.975442
-0.975117
-0.974489
-0.97368
-0.975355
-0.975787
-0.975145
-0.973085
-0.975382
-0.975199
-0.973881
-0.974088
-0.974548
-0.97471
-0.975522
-0.974844
-0.97471
-0.975522
-0.975242
-0.97602
-0.975539
-0.97528
-0.975414
-0.977203
-0.975058
-0.976153
-0.976398
-0.974731
-0.975916
-0.976988
-0.976394
-0.975165
-0.97497
-0.975677
-0.976189
-0.975297
-0.975432
-0.977243
-0.976505
-0.977364
-0.974268
-0.975689
-0.976639
-0.974741
-0.975241
-0.973438
-0.976709
-0.97665
-0.974752
-0.976606
-0.975352
-0.976235
-0.975282
-0.975075
-0.976044
-0.97633
-0.975581
-0.975316
-0.976385
-0.976354
-0.974681
-0.975031
-0.975046
-0.974808
-0.974964
-0.975112
-0.976341
-0.975138
-0.976209
-0.973929
-0.975999
-0.974217
-0.975076
-0.975505
-0.975077
-0.975773
-0.97652
-0.976346
-0.975361
-0.975431
-0.977032
-0.975492
-0.976097
-0.976094
-0.976078
-0.976803
-0.976328
-0.975325
-0.975539
-0.975232
-0.97598
-0.976912
-0.976676
-0.975375
-0.977228
-0.974819
-0.97605
-0.975631
-0.973684
-0.97385
-0.975024
-0.973651
-0.974273
-0.973727
-0.973477
-0.973932
-0.97507
-0.975293
-0.976232
-0.976251
-0.975728
-0.975274
-0.975062
-0.976226
-0.977024
-0.975956
-0.976735
-0.976083
-0.976852
-0.975512
-0.976179
