-0.976976
-0.976785
-0.977607
-0.97498
-0.974776
-0.975728
-0.976959
-0.975884
-0.974942
-0.975623
-0.975436
-0.976046
-0.976037
-0.974942
-0.975402
-0.975752
-0.974784
-0.97498
-0.974737
-0.974805
-0.974956
-0.975674
-0.975561
-0.974807
-0.975123
-0.975707
-0.976534
-0.974997
-0.975561
-0.975487
-0.977117
-0.97794
-0.976633
-0.974867
-0.975032
-0.97625
-0.976164
-0.975471
-0.9762
-0.97592
-0.975735
-0.976681
-0.975587
-0.975761
-0.976368
-0.974938
-0.975446
-0.976381
-0.975934
-0.976231
-0.976167
-0.974545
-0.976233
-0.975631
-0.976422
-0.977053
-0.974633
-0.974441
-0.974841
-0.977086
-0.976547
-0.977994
-0.975065
-0.975714
-0.974907
-0.974917
-0.975361
-0.974961
-0.975872
-0.977492
-0.978085
-0.977551
-0.977234
-0.977266
-0.974865
-0.976521
-0.977288
-0.975518
-0.977691
-0.978175
-0.977259
-0.976726
-0.975469
-0.975917
-0.975743
-0.974864
-0.976888
-0.976551
-0.975437
-0.975043
-0.97522
-0.974931
-0.975073
-0.975875
-0.975125
-0.975021
-0.975141
-0.975067
-0.975085
-0.974712
-0.975021
-0.974662
-0.975832
-0.975042
-0.974813
-0.975082
-0.97484
-0.975001
-0.97762
-0.975979
-0.974294
-0.975647
-0.976031
-0.974664
-0.975916
-0.975537
-0.975391
-0.975592
-0.975865
-0.975557
-0.974988
-0.97682
-0.975827
-0.976552
-0.97605
-0.977021
-0.977001
-0.975787
-0.975378
-0.975607
-0.975925
-0.975271
-0.976293
-0.976471
-0.97623
-0.976166
-0.976099
-0.974696
-0.976999
-0.977955
-0.977883
-0.978012
-0.977079
-0.975759
-0.976229
-0.974573
-0.974642
-0.974666
-0.974442
-0.976247
-0.974947
-0.978122
-0.979054
-0.976723
-0.976759
-0.976066
-0.978027
-0.976785
-0.977165
-0.977269
-0.978005
-0.976241
-0.975098
-0.976666
-0.976405
-0.976646
-0.976424
-0.977504
-0.977955
-0.976768
-0.977153
-0.97638
-0.975081
-0.974892
-0.976215
-0.975234
-0.977679
-0.976898
-0.976715
-0.977708
-0.975929
-0.976611
-0.974853
-0.977996
-0.977456
-0.976014
-0.977494
-0.976434
-0.978543
-0.977317
-0.977199
-0.978357
-0.976278
-0.977848
-0.976733
-0.977673
-0.97666
-0.976744
-0.977603
-0.977567
-0.97615
-0.975851
-0.977198
-0.976834
-0.977903
-0.977688
-0.977101
-0.978062
-0.975863
-0.975765
-0.975916
-0.977562
-0.976116
-0.9762
-0.976067
-0.974562
-0.976171
-0.975221
-0.975106
-0.975058
-0.975451
-0.975869
-0.976264
-0.976309
-0.977631
-0.97605
-0.977703
-0.976542
-0.976054
-0.977317
-0.977935
-0.975869
-0.976485
-0.976413
-0.976539
-0.976716
-0.976668
-0.976641
-0.97668
-0.974711
-0.974981
-0.974621
-0.976557
-0.975204
-0.976493
-0.976122
-0.976355
-0.976341
-0.975092
-0.974913
-0.974838
-0.976066
-0.975981
-0.975959
-0.976128
-0.976026
-0.974848
-0.974674
-0.975908
-0.975165
-0.977025
-0.977419
-0.976565
-0.976142
-0.974503
-0.974351
-0.974392
-0.975563
-0.975661
-0.975281
-0.975917
-0.974204
-0.974873
-0.975811
-0.975716
-0.975557
-0.975411
-0.975971
-0.975443
-0.974351
-0.97705
-0.97628
-0.974356
-0.975347
-0.974741
-0.977423
-0.976565
-0.976962
-0.977093
-0.976171
-0.978262
-0.977692
-0.975126
-0.978676
-0.976634
-0.97794
-0.977103
-0.978272
-0.978007
-0.97748
-0.976727
-0.97519
-0.97777
-0.976919
-0.976504
-0.977944
-0.978041
-0.978311
-0.977674
-0.977646
-0.974555
-0.976586
-0.976411
-0.974565
-0.974799
-0.975393
-0.975664
-0.975595
-0.97427
-0.974753
-0.974891
-0.97619
-0.97548
-0.976087
-0.975685
-0.977842
-0.976351
-0.977393
-0.976781
-0.977432
-0.976101
-0.976378
-0.97604
-0.97797
-0.977198
-0.975932
-0.975333
-0.97479
-0.975421
-0.975127
-0.975481
-0.975311
-0.974662
-0.976469
-0.97571
-0.975937
-0.976071
-0.976154
-0.974585
-0.976492
-0.97575
-0.975898
-0.976015
-0.976192
-0.975773
-0.976166
-0.975839
-0.976134
-0.975644
-0.976205
-0.977496
-0.974468
-0.978169
-0.976646
-0.977597
-0.976398
-0.977422
-0.977049
-0.976358
-0.974366
-0.974656
-0.976045
-0.97654
-0.977345
-0.974897
-0.977995
-0.975969
-0.978049
-0.977233
-0.976399
-0.976901
-0.977201
-0.976233
-0.976293
-0.975808
-0.976357
-0.976489
-0.97621
-0.976604
-0.975965
-0.977179
-0.976585
-0.977653
-0.976183
-0.975805
-0.976597
-0.976964
-0.977935
-0.977004
-0.976306
-0.977018
-0.977155
-0.975498
-0.977085
-0.976925
-0.977584
-0.976146
-0.975552
-0.975136
-0.974883
-0.976278
-0.976052
-0.976274
-0.974307
-0.974615
-0.974416
-0.974788
-0.974278
-0.974278
-0.974452
-0.974278
-0.975224
-0.974264
-0.975197
-0.974542
-0.9752
-0.974542
-0.974299
-0.977227
-0.974615
-0.974278
-0.974426
-0.976053
-0.975905
-0.975515
-0.975891
-0.976084
-0.976275
-0.976261
-0.975985
-0.974767
-0.976708
-0.976001
-0.976799
-0.977671
-0.976325
-0.977738
-0.977555
-0.977604
-0.976806
-0.974418
-0.97572
-0.97574
-0.976291
-0.974348
-0.974479
-0.974787
-0.977228
-0.974688
-0.976806
-0.977571
-0.976891
-0.97483
-0.974845
-0.975912
-0.975973
-0.975988
-0.978162
-0.97811
-0.975502
-0.975103
-0.974761
-0.974957
-0.975094
-0.975534
-0.974788
-0.976282
-0.975995
-0.976137
-0.976216
-0.975743
-0.977192
-0.975466
-0.975478
-0.976678
-0.976721
-0.974809
-0.976447
-0.975218
-0.975146
-0.975408
-0.978142
-0.977237
-0.976603
-0.976153
-0.97629
-0.975045
-0.97552
-0.975489
-0.97494
-0.974494
-0.97488
-0.975529
-0.974766
-0.976339
-0.975119
-0.974412
-0.97531
-0.975301
-0.97488
-0.975085
-0.977614
-0.976527
-0.97647
-0.97779
-0.978036
-0.978078
-0.976696
-0.976044
-0.976468
-0.97671
-0.977617
-0.977029
-0.978237
-0.977129
-0.976484
-0.976132
-0.975466
-0.977323
-0.97741
-0.97704
-0.977717
-0.976204
-0.977215
-0.976822
-0.975905
-0.976823
-0.977785
-0.977673
-0.977405
-0.977114
-0.977107
-0.976138
-0.975915
-0.976134
-0.97566
-0.975457
-0.977533
-0.976118
-0.975703
-0.975481
-0.97579
-0.976168
-0.97619
-0.975665
-0.975527
-0.97623
-0.97482
-0.976748
-0.976515
-0.976758
-0.976112
-0.97642
-0.976069
-0.975448
-0.976682
-0.975945
-0.974659
-0.976268
-0.974648
-0.974678
-0.976264
-0.976773
-0.976638
-0.974715
-0.974708
-0.97627
-0.976031
-0.976754
-0.974753
-0.975756
-0.975886
-0.976642
-0.976486
-0.976665
-0.976771
-0.976198
-0.977368
-0.976316
-0.976259
-0.977156
-0.976684
-0.976816
-0.976869
-0.977393
-0.977498
-0.97638
-0.97606
-0.976766
-0.977909
-0.978094
-0.976297
-0.976214
-0.977439
-0.977226
-0.975738
-0.975694
-0.975873
-0.975921
-0.976078
-0.976013
-0.975509
-0.976341
-0.976317
-0.975463
-0.97599
-0.976063
-0.975643
-0.976226
-0.975837
-0.976128
-0.976132
-0.97616
-0.976074
-0.976826
-0.977197
-0.977598
-0.975986
-0.976154
-0.975759
-0.975032
-0.975298
-0.976721
-0.975489
-0.975572
-0.977312
-0.978392
-0.977595
-0.977392
-0.977982
-0.977641
-0.97625
-0.977365
-0.976541
-0.978002
-0.976422
-0.97639
-0.978288
-0.974793
-0.978221
-0.976289
-0.977
-0.977502
-0.976991
-0.97688
-0.976651
-0.977292
-0.976791
-0.975779
-0.976064
-0.976547
-0.976523
-0.976058
-0.97655
-0.976479
-0.976368
-0.97846
-0.975988
-0.97742
-0.978589
-0.977177
-0.977457
-0.976608
-0.976979
-0.978014
-0.977561
-0.977914
-0.976781
-0.977393
-0.977287
-0.976719
-0.976586
-0.977901
-0.976308
-0.977861
-0.97739
-0.977713
-0.977674
-0.976556
-0.976468
-0.976595
-0.976996
-0.978397
-0.978014
-0.978073
-0.977481
-0.977915
-0.977969
-0.977925
-0.97838
-0.978288
-0.978451
-0.978366
-0.978548
-0.978177
-0.978156
-0.977272
-0.977819
-0.977233
-0.97618
-0.97575
-0.975589
-0.975964
-0.975594
-0.97604
-0.975492
-0.976087
-0.976119
-0.975877
-0.97586
-0.975979
-0.977274
-0.977832
-0.976086
-0.977516
-0.977553
-0.974266
-0.977411
-0.974432
-0.977812
-0.977038
-0.977935
-0.9767
-0.976881
-0.976951
-0.976227
-0.974266
-0.977621
-0.977096
-0.976849
-0.976887
-0.97659
-0.977057
-0.977228
-0.976876
-0.97695
-0.9766
-0.976925
-0.976839
-0.977079
-0.977025
-0.977032
-0.978097
-0.978305
-0.976458
-0.978047
-0.976158
-0.976409
-0.975891
-0.975966
-0.976232
-0.976596
-0.975927
-0.978216
-0.975834
-0.976799
-0.977502
-0.978089
-0.976537
-0.977558
-0.978489
-0.976558
-0.978089
-0.977439
-0.976713
-0.975677
-0.97545
-0.975078
-0.974861
-0.9747
-0.976036
-0.975604
-0.976367
-0.977816
-0.976574
-0.977087
-0.978536
-0.977717
-0.975079
-0.977742
-0.977435
-0.977177
-0.977083
-0.97685
-0.974951
-0.977397
-0.978254
-0.978024
-0.977382
-0.977291
-0.978203
-0.976732
-0.976728
-0.977146
-0.976753
-0.976799
-0.977368
-0.975201
-0.974884
-0.974809
-0.975035
-0.975069
-0.975902
-0.974964
-0.975859
-0.976075
-0.976111
-0.975033
-0.976434
-0.975108
-0.97534
-0.976371
-0.975663
-0.977032
-0.975513
-0.977126
-0.975563
-0.976714
-0.977439
-0.978268
-0.976785
-0.974738
-0.976352
-0.977064
-0.975281
-0.975556
-0.976418
-0.976572
-0.97716
-0.977085
-0.976781
-0.976777
-0.977816
-0.975988
-0.977759
-0.97751
-0.977718
-0.97712
-0.977636
-0.976848
-0.978013
-0.976725
-0.977797
-0.978511
-0.978063
-0.977903
-0.977668
-0.978474
-0.978402
-0.978402
-0.978394
-0.976709
-0.978042
-0.976722
-0.977783
-0.977265
-0.974755
-0.97663
-0.977016
-0.974683
-0.976539
-0.97493
-0.97618
-0.976494
-0.975937
-0.976364
-0.976972
-0.976854
-0.977217
-0.976714
-0.976434
-0.975673
-0.974961
-0.976611
-0.977139
-0.976395
-0.97444
-0.976686
-0.976565
-0.975229
-0.975404
-0.975813
-0.975875
-0.976839
-0.976099
-0.975875
-0.976839
-0.976413
-0.977256
-0.976874
-0.976533
-0.976666
-0.978386
-0.976403
-0.977427
-0.977545
-0.976013
-0.977392
-0.978285
-0.977644
-0.976414
-0.976245
-0.977036
-0.977466
-0.97662
-0.976695
-0.978514
-0.978025
-0.978662
-0.975595
-0.976929
-0.977939
-0.976025
-0.976462
-0.97475
-0.977986
-0.977991
-0.97607
-0.977878
-0.976602
-0.977479
-0.976571
-0.976391
-0.977315
-0.977663
-0.976827
-0.976563
-0.977706
-0.977653
-0.975964
-0.976336
-0.976336
-0.976117
-0.976207
-0.976421
-0.977623
-0.976385
-0.977493
-0.975276
-0.977251
-0.975448
-0.976404
-0.976818
-0.976404
-0.977039
-0.97773
-0.977673
-0.976571
-0.976685
-0.97823
-0.976805
-0.977295
-0.977381
-0.977353
-0.978021
-0.977524
-0.976718
-0.976789
-0.976521
-0.977218
-0.978147
-0.977927
-0.97665
-0.978394
-0.97608
-0.977422
-0.97699
-0.974988
-0.975139
-0.976394
-0.975022
-0.975599
-0.97506
-0.974815
-0.975304
-0.976385
-0.97665
-0.9775
-0.977458
-0.976989
-0.976536
-0.976376
-0.977386
-0.978273
-0.977201
-0.978023
-0.977322
-0.978063
-0.976799
-0.97738
